-76.1760 0.5032
2.3645 72.0001
-79.4726 -55.3431
20.2061 11.3118
56.6747 9.5623
46.1078 53.6231
50.2052 17.3042
-52.0132 22.8409
-77.8527 63.3523
-10.0690 62.9525
37.0356 35.8778
-57.9551 -49.6974
95.9825 85.8635
61.0272 99.9312
2.7175 -84.7360
-31.9211 11.4901
-41.5756 -8.5104
75.2950 40.7951
15.4847 -95.0521
42.1725 -27.2916
-15.5565 -20.2453
17.1436 -0.3090
-76.7104 1.2717
50.0294 20.0330
-1.7939 83.3509
-48.2713 -16.0068
85.2466 -4.1620
3.5974 -94.9248
-55.0950 -74.2002
-90.2225 40.9325
77.3649 -79.4847
24.4619 -5.9919
-3.5774 -54.2145
77.1842 25.3341
-8.6407 -6.1188
85.8929 97.4451
9.1265 11.9592
33.9508 -38.4745
59.9604 0.3799
-4.2214 76.8900
-13.3866 -41.1252
-46.1928 -93.3781
31.1285 19.4546
-8.3545 4.5778
-2.0965 84.3019
-47.9779 -2.8862
2.2534 65.2347
61.5919 11.5676
81.4532 66.2806
-36.6686 83.3623
-80.3252 37.8666
57.0168 3.0347
-9.4159 93.0536
93.4536 68.4880
-4.1708 -87.1410
-46.7068 -0.3158
-80.6675 49.5103
-17.7378 -10.1210
-97.1935 -99.9572
16.1280 86.4357
-83.3869 58.7541
-50.4325 24.2149
50.3710 91.2734
33.6954 27.0817
-69.0478 -37.3115
16.6131 53.9056
89.9871 -1.6022
44.0945 -73.0271
-55.4145 17.5869
91.6555 75.1988
0.9443 -83.1134
33.7110 87.0112
56.6876 83.0032
-38.7991 -17.5922
61.5990 4.0062
-60.6606 -97.1736
-78.7732 77.5542
-89.7249 -30.5964
-29.3194 53.9067
-94.8420 2.0776
-34.4480 -39.2657
-34.7915 -75.7254
89.7564 14.3236
60.9877 -69.2219
3.9227 -13.2785
-32.7162 19.6439
35.6997 -86.0983
-20.1686 -60.9012
84.2911 -90.9527
8.9533 67.7961
-9.6358 50.9419
-62.2941 42.1891
75.5634 -74.1720
5.9873 57.0818
3.3705 91.3175
-67.9219 68.8749
-22.0057 -14.9291
-17.1826 -84.2682
-39.0181 -31.1868
-47.3113 -0.4795
56.0496 -16.8525
-6.4599 -34.8421
-3.5894 -75.9789
59.3205 59.3424
63.2305 69.5740
-53.7330 90.7348
75.7242 29.1358
-18.3995 56.6628
69.8987 34.0798
92.2397 -29.6100
-68.6482 12.4005
14.4664 7.6757
-78.0613 43.2025
11.1600 13.6083
-57.1130 -41.0600
-46.3799 11.1468
-79.7089 -47.2575
90.9751 -65.7450
36.9095 51.8225
44.4717 -62.9010
26.0173 1.3253
-44.6428 67.4782
-41.7928 -37.0796
-47.8283 -87.4242
-17.6715 79.6108
55.3559 -17.0943
-96.9140 -80.7100
-95.4045 -75.3959
37.1653 15.2962
87.2222 -29.9386
55.9514 21.4510
30.9434 23.0290
84.9488 -36.7873
-56.8728 -7.4660
95.8224 75.6806
37.2927 72.2602
36.2807 84.7464
-22.1905 89.4127
-28.7364 47.0774
-12.6517 -95.2673
39.0601 -42.0889
91.6568 59.9686
-75.5370 53.5787
-36.2235 80.5921
8.4314 -31.5032
12.1726 44.3356
-77.4805 23.7941
-76.3434 -74.8636
-29.1919 29.5787
31.1600 -94.2412
15.6254 -28.8057
-23.1788 -52.1388
-15.8029 -56.0869
-74.9584 8.5854
32.3125 86.9331
36.7504 -20.6283
-49.0051 -70.4633
-95.3276 -44.6337
-4.2313 -47.2368
-37.0511 88.8456
18.7301 67.9107
10.5964 30.0426
92.2611 2.8093
-46.9554 26.6013
50.9064 -36.5004
31.5735 -97.7181
95.6257 -5.8910
94.0387 35.8286
72.4214 85.4459
81.2090 -20.1851
95.2342 90.2000
-53.4975 65.8105
-31.2624 -59.8041
-28.1782 27.4023
9.7591 -5.1875
57.7258 16.1159
-62.4195 25.6033
-69.2441 78.7595
90.0885 62.7508
67.0120 40.4697
59.0733 27.8233
-83.1585 -25.4412
46.2017 -72.4079
47.9040 99.7623
-96.3295 -56.5755
69.7423 16.4777
14.5259 91.1085
-23.8836 92.6287
3.3192 28.8094
-68.3912 1.7523
-82.8927 46.5152
-33.2780 -47.7112
-91.6823 18.5444
57.4488 -67.5579
-41.4174 8.2331
-28.5553 94.5508
-62.2606 49.4005
-98.1102 21.1902
-3.9976 -15.4694
62.4257 80.4254
95.8046 99.3620
-65.8230 3.2381
-64.0754 7.8193
-67.2124 77.4385
2.9984 76.4648
28.6810 -99.6015
-25.0885 -26.4007
-56.7617 -69.1548
22.0037 -74.6951
97.0066 -3.0870
74.7955 45.3248
-23.7603 23.3909
29.5091 -30.4402
81.8999 -75.8123
3.7893 65.7286
36.7068 -8.8132
17.0630 -83.4901
55.8092 -82.4266
-1.0374 -37.5948
50.6585 -54.7904
-34.9996 1.2544
-33.6575 81.4211
44.7697 71.4503
-19.3861 -64.6513
61.2755 -55.9658
37.8322 -30.2907
57.4368 -18.0600
60.6480 -23.6745
-69.1243 48.6059
31.3683 -74.4832
-46.4742 67.1292
-35.9931 68.2360
-11.1102 -70.9275
25.3754 -53.1414
94.4499 12.2600
-75.3528 -41.3061
-8.3872 -19.7510
-95.6558 43.2925
34.8234 -32.6326
35.8350 84.5788
81.7084 69.4713
90.5455 33.5256
9.2822 -58.0174
-29.5679 -33.9109
84.5782 44.8872
-97.8969 11.7843
-49.5652 -33.1973
28.8733 -17.0755
55.6403 -4.8114
77.8370 -32.2507
-92.5009 -56.0258
-75.8320 70.3785
-46.2712 -96.4424
-58.1552 -8.5727
-44.6181 26.0340
-84.2024 38.4868
7.7922 -97.7214
-80.8815 -34.0033
-56.1191 -7.3072
21.2164 -65.8445
-38.1104 13.5251
42.3658 36.2281
11.8315 -78.3888
-45.8251 -16.0929
-62.9484 46.8501
97.7002 97.6798
82.0922 31.5770
-31.7468 -30.5175
21.3213 -48.9301
76.6521 67.7921
-92.6569 -1.9990
-95.6452 61.7902
-49.2294 50.9926
-60.2532 -45.2730
68.4494 -20.0148
-56.3412 -89.1625
-17.8283 -87.0891
44.4128 32.2319
36.4113 53.1695
-40.2788 -3.4806
-81.8563 1.9268
4.4886 -34.9805
-36.4129 -32.0781
-63.7678 97.7713
72.6999 -65.1305
-48.5020 89.4946
74.3064 4.1085
-23.4343 -78.7272
21.8710 -57.0313
-7.2381 -58.0660
1.6069 5.3153
2.7363 58.3363
-45.8634 74.7615
-2.2833 11.7775
68.1168 -34.8479
99.4383 -21.5996
23.0473 7.8187
-69.6014 10.2618
95.9501 45.7484
-73.7487 63.1777
31.3964 -87.7844
33.3287 -93.0952
57.9022 88.1945
-64.2027 -46.4883
8.0638 -28.6698
-8.5412 -62.6856
-89.2714 -62.8732
-69.2203 28.2450
-2.0515 9.2141
-94.1981 -55.8127
-27.1686 8.5492
-6.8720 49.4295
-68.9964 -35.0993
42.9634 -91.9454
-98.4871 -81.0688
17.2020 40.9285
62.6912 -48.5545
51.3514 -67.2379
-61.7346 63.2909
-15.4320 -13.3736
66.6210 -65.8662
-55.0694 93.5854
-57.4573 -68.2974
98.3727 -15.6054
-15.3645 71.2336
41.0085 93.6861
25.8693 -11.9047
89.5858 21.3217
-81.6473 79.3868
47.8105 -76.8294
-84.2363 42.9613
24.4371 -68.3867
-65.5756 28.2211
-62.1401 89.6006
96.6076 -93.8996
94.1987 29.6386
82.7340 57.8901
-42.5767 -26.9546
-98.0957 4.2035
77.3474 68.0938
-2.3657 -72.4105
58.6663 11.9293
93.9343 -8.7966
21.7082 18.6076
86.1458 34.0043
-34.7497 -49.0287
36.4058 -7.8024
-30.8116 65.1905
5.0794 6.0622
-80.3377 -44.7768
-92.5539 18.0417
-85.9499 84.5123
12.8756 -22.7532
29.0938 14.9953
-8.6072 -4.2739
-95.6067 79.6350
-73.1359 -78.9694
-81.6283 6.9535
-49.0104 94.3737
49.7861 -85.7749
20.3915 -76.0651
92.7766 81.0163
43.4473 -38.5935
-5.8438 -35.5492
79.3304 38.0910
-19.9923 2.8175
69.6871 -16.2266
-2.2092 19.1377
-12.2954 53.7575
17.6747 18.1104
-3.4326 -96.7301
89.0876 -23.0558
-93.1916 -6.9158
-71.9424 -51.7928
4.2699 -46.5384
-13.6581 47.0527
-94.7405 20.4431
4.0015 90.6360
-75.5666 -26.3026
-56.6396 -84.8038
-65.9875 -18.9199
-77.7882 -78.8683
97.9880 -19.8166
-98.8457 -60.6713
-47.4644 60.0803
4.9443 82.4339
-83.0896 -66.4738
82.3015 -56.2895
68.4313 60.6148
12.4683 79.8783
9.9399 -92.8853
91.9837 95.7659
38.7729 68.1792
3.0978 86.7957
91.3941 80.4247
93.4820 30.0865
94.2045 -90.5971
-81.7821 30.3736
-44.1755 -98.5394
23.5494 -91.2790
84.9585 -85.7377
40.1407 9.3057
9.4907 3.3386
8.0433 -0.9467
-89.3554 -29.5975
7.3519 -7.1954
-51.5426 -96.9739
-22.8326 -82.1252
34.9737 -64.3059
-52.6228 11.8348
0.9695 -32.5816
-44.2144 29.2282
-66.2168 -81.5169
-31.1339 49.5660
-73.9417 88.0545
72.5349 55.7920
64.5532 -5.1279
38.6876 37.3422
-35.5212 -1.0044
-76.9260 -99.6986
-24.0914 93.1596
-0.3962 -16.2741
13.3510 2.4622
-28.8075 48.5165
18.2521 30.0572
-52.4013 -24.5519
-51.0483 -39.2521
35.0924 36.0303
13.2865 -38.6246
6.2502 94.4877
-31.4898 47.2489
42.8877 17.9816
-51.4693 -5.7074
88.3736 21.4607
0.5224 32.4276
-77.3732 -74.5652
22.5991 -37.7831
-18.4577 -49.5894
-11.1380 -40.9021
-69.8870 26.7047
-98.9983 17.4523
-80.7533 66.3894
-11.2317 -86.3487
-22.9588 -45.2576
53.8650 45.5832
66.1693 -49.8172
47.9260 -17.9117
-40.7112 -37.3701
-66.3696 22.4823
-93.8729 -57.3348
39.8109 42.5142
51.9890 -19.3258
73.5259 32.9383
-66.8245 -79.6987
-22.9676 20.3104
28.9079 -21.0787
23.2838 -39.4241
8.5858 94.1559
38.7214 -30.4731
84.4370 -51.4870
1.7341 -92.5104
24.2385 -60.9219
-66.0332 -13.8981
16.0932 -11.0342
-24.9693 -0.6208
-88.1652 -38.5745
-92.7676 19.3253
-32.5121 -40.4107
-17.1951 96.8046
25.8875 6.9745
65.8796 89.2829
-42.8862 32.9663
91.3588 1.2052
66.3358 -29.8553
-22.0932 -55.8896
-15.7443 -14.1475
24.5627 81.9096
70.8281 60.0693
11.8427 -24.4178
72.7185 73.0060
-94.1725 -52.7750
-65.0358 23.5547
-5.4234 62.8108
-12.9105 -62.0979
-93.7852 -83.0841
-79.7003 -56.5305
-75.3752 20.2978
27.1844 98.7103
25.2504 -16.7273
-35.7608 79.4961
-80.6574 -86.7360
-31.6491 -69.8638
25.4679 -80.0912
-78.9041 63.6745
74.8357 10.8909
-2.8574 18.8891
-75.0771 -30.7137
-70.1204 -6.7479
70.9635 -80.0891
99.6074 59.1323
-15.2832 89.4474
-81.7670 37.1505
-15.3913 98.3050
-11.6415 -87.7316
-4.8851 49.4362
99.5405 -18.4695
-14.3701 -86.2625
42.5749 4.7955
-15.0778 -29.9847
-66.2229 71.3112
20.5015 58.2412
-48.3746 60.3064
57.1787 38.9724
-27.0210 50.4839
-17.9017 26.7493
15.5734 23.5626
-36.1677 71.5687
73.3499 -37.8450
48.3278 20.9679
-63.7438 -16.1879
-93.1893 21.9195
5.4680 -41.9726
47.6917 73.8247
-58.4137 86.4794
45.5652 -11.6459
-28.4356 3.4419
90.5346 -37.7416
74.4457 -50.6413
83.5185 20.1740
-32.4729 -36.3550
84.2207 27.5684
32.2015 -18.7989
-15.1389 -7.6464
-24.7327 -78.6991
-25.4742 64.7397
-13.8830 35.9641
16.8702 13.8797
-28.3476 52.1255
-22.7310 -29.8572
-49.7822 -4.0391
-27.9663 -6.8046
20.6380 72.7347
-41.2077 95.1276
58.6449 -76.7687
-33.8283 -47.6747
-39.9935 72.9529
41.9288 -99.5538
-56.3434 -84.4187
-64.6910 41.7471
87.0287 92.2001
7.9406 -79.3746
22.5054 3.2332
23.4819 -42.1826
-78.3813 -16.3263
-76.6906 99.6333
81.5666 58.8478
-85.6347 17.8578
47.0116 -22.3709
-72.6145 94.0341
12.3701 -95.2047
54.0836 -42.5850
84.4518 11.3492
66.9273 -11.7625
86.1583 -17.0693
-70.0863 27.9149
97.0208 -67.0022
-20.5607 -90.2351
-9.3221 14.8270
64.2659 -11.7818
27.1926 56.8848
-42.5141 56.1843
59.2517 -14.0496
-46.0521 48.0732
4.7727 -69.8511
-35.7258 52.5929
37.9450 -93.7923
-79.3887 -6.7375
-84.5881 -21.8173
-85.0616 98.8753
-26.5908 34.0049
-44.7100 -56.2297
-31.9635 -81.4333
7.8117 -77.7556
8.7034 37.9401
-7.2034 -30.4558
56.7949 -72.4634
-70.0662 10.4589
36.6246 -21.9309
17.5967 -5.8208
-61.7878 52.0124
87.6116 -5.2595
81.8932 19.0485
24.6421 -42.6028
96.2828 6.8693
97.8149 -30.9703
87.1021 43.7588
-5.2508 84.3679
83.4307 -69.6303
-9.1434 77.8828
89.7524 42.7422
-58.4344 -75.2908
93.5253 64.4216
-85.6317 -36.7582
-40.2716 94.2790
40.4132 66.6265
85.1933 -41.7824
-12.9978 75.2250
30.8329 87.4280
-97.7338 96.8946
-59.5878 25.2203
-36.3211 -49.3959
95.7394 67.6527
36.6024 8.1224
23.1105 -91.4535
68.3922 15.1616
-1.5390 37.0367
37.9922 -87.5417
30.2282 74.7627
-59.6295 87.5385
10.9675 4.9580
59.5214 7.4600
52.6255 27.2947
77.3870 57.4398
-13.3230 86.6699
-89.5378 19.6797
-5.5176 73.5213
-5.3838 -75.9422
83.0768 72.4226
91.4882 -47.1571
-51.4095 -54.8884
-58.4792 97.2415
-7.9679 36.9936
-75.7484 48.0011
5.5042 -29.7762
-21.2481 60.5199
28.5303 62.9077
40.2345 -39.6892
-38.4500 -13.8403
-15.4765 -12.7773
-13.4961 -82.1156
-24.8190 -26.3974
-56.9734 8.7212
19.3550 53.5493
91.5124 -47.6416
-36.5344 42.8382
46.3083 61.4623
70.6181 -33.8613
-82.2263 -61.0928
-46.4026 -84.1559
-64.8379 44.3581
-54.9007 -38.2453
-18.7494 68.3365
-91.4168 -45.1723
92.2356 77.1178
-41.9658 -81.6443
-90.7475 66.7188
55.5705 -32.7722
61.8890 52.1645
77.7560 2.2184
48.9482 -16.2154
-76.0668 37.1731
-76.1648 -88.9682
73.1264 -50.5712
-34.8718 15.4243
-36.4834 -54.8257
22.8302 -45.9610
35.9070 82.0759
13.1489 -45.2419
-3.7867 -8.0391
3.5572 43.5876
48.3358 53.3567
-74.2286 60.7969
-20.4713 -64.1270
92.6368 23.6258
-19.2254 11.7193
-98.4769 11.8280
-86.0977 76.7805
96.0299 -91.4138
-37.3027 -73.7865
-95.7926 -89.7286
-96.4630 88.7592
-11.2626 -89.8253
50.4272 18.8734
-1.4498 94.1047
-92.2419 -9.4046
-60.1150 -37.6435
97.0802 -4.5098
38.7741 38.8836
-80.7245 -15.8982
42.1224 70.7102
79.6226 -38.8742
-52.3410 -83.2755
-98.9965 -94.3115
2.3422 89.5140
-90.0432 -38.9177
25.9737 -99.3109
-98.6060 -66.6677
-60.6310 -11.3782
-82.7103 -13.8264
-80.2837 81.6710
-64.3429 18.3155
82.8177 -83.6572
99.6575 -16.2649
-91.5498 40.8861
56.4699 55.2200
72.4544 -10.1490
-95.9274 -32.1631
-0.2236 44.4492
16.9146 23.7999
-59.2438 69.6402
-86.4916 75.4735
-61.9449 -1.7437
67.9480 97.9838
36.8548 -79.8489
-16.0996 -26.4386
74.8820 -72.9311
16.7884 75.3910
19.8113 82.9991
97.0263 85.0149
33.0389 -5.8396
-31.8380 -48.0430
80.8149 -88.6940
-20.9466 93.3573
63.1581 -80.7205
-0.3316 57.2645
3.6417 97.4854
62.7065 16.3547
-60.8102 9.7646
-81.7797 -46.7540
-8.9622 96.9636
36.7297 36.2694
-67.7918 -46.8844
62.8729 49.8683
-18.6590 61.5678
3.3847 -66.0105
-95.0289 31.8345
22.3487 96.2202
-97.0333 46.1481
43.0087 -73.1750
44.1885 -69.1316
-69.0483 49.4134
-72.7929 -67.3724
-55.2652 -6.5845
95.6041 56.8430
36.5406 18.7832
39.8439 -91.1644
-87.9564 99.8006
-75.9829 97.1484
17.5910 10.9687
-97.8033 -75.5718
-75.9042 82.0047
-89.0894 -78.9505
-53.7948 25.0420
-31.4161 -64.3946
18.3010 77.7386
-12.5829 89.1508
97.4659 -5.8779
88.2027 60.8166
83.0683 -20.8166
-93.4306 2.2717
-80.8986 71.0857
-19.4377 -78.1607
-81.2375 5.7217
-30.9061 -87.8248
-91.6281 -66.7090
-57.3457 -19.0807
52.3752 15.9950
20.2828 -33.1219
-47.9701 -74.7069
-40.8757 -20.9138
-36.2988 -35.8866
-86.8544 73.8108
49.2331 -76.1643
46.1079 96.1755
-89.4396 -61.2638
76.2569 -3.0968
-85.7913 43.5291
75.1856 -5.0919
91.8285 -75.2139
52.4893 71.8758
-54.7139 25.9768
-85.4586 -32.2449
-26.5676 18.9030
11.2361 -18.7172
9.0732 54.4595
-35.0440 -56.4555
-22.6178 -91.6421
83.6424 86.5896
-71.0639 -29.8378
-68.7018 -29.1024
-68.3291 -26.4238
43.5913 -83.1715
6.3565 -72.5605
30.3447 64.2258
61.5468 97.1588
-42.2219 13.4800
72.1996 -73.3489
-57.1706 1.8206
47.4775 -86.8378
-54.5800 59.9183
46.4195 80.8798
-73.8507 -65.0048
-56.7804 61.9796
4.4261 32.9420
-24.4968 -2.2161
79.9042 57.9678
-7.1922 -20.8683
-42.1771 -97.6134
-39.0149 -65.7240
68.6190 3.9222
-34.9952 35.8681
-48.8080 51.2630
-13.9089 66.9056
-85.9120 41.0548
22.8309 79.6050
25.6130 -1.9547
-48.9777 26.5330
-19.2167 -92.0993
66.0191 84.1053
-6.5938 -55.2174
-54.4884 44.8609
32.3457 -31.8936
-43.0710 -21.1834
89.6978 -97.8509
-17.3835 -32.4469
-47.0097 -55.9929
-59.3342 -6.8782
57.5445 34.6182
-66.6622 8.7572
-3.1698 -78.1460
24.7706 84.4134
-19.7442 -49.0760
-20.0961 19.5694
61.3314 -91.0340
-51.1881 -64.2913
-37.3244 7.8788
63.8875 83.6370
65.2865 -22.2029
35.5835 -99.1745
-32.1942 0.7642
88.6732 -29.2155
-18.1912 -39.5906
-88.3755 12.4475
-65.0115 32.2831
77.9519 14.5292
-65.8154 -63.8613
16.1442 6.5471
-11.6965 14.7302
-50.3441 82.3724
43.6006 -0.4420
-77.5206 -94.8092
13.7460 19.7039
-0.0439 33.8168
-94.1101 51.4228
62.4484 -66.5748
-97.5078 -1.3521
88.4529 25.6924
60.6647 91.8380
-71.0439 23.5522
-47.7716 -62.7404
-0.3473 -71.3134
40.3916 46.8578
62.2086 -44.6953
-46.7142 -87.4603
-6.5992 -12.1934
-14.9979 60.6863
-45.7205 -66.8786
-58.4597 -13.6229
-5.0907 -12.1087
19.2323 -83.0637
-81.6576 -25.5296
90.9244 71.7700
51.9272 -42.0206
-11.5855 57.9922
95.6350 -21.1748
-73.3424 -29.8140
-65.5462 6.3567
18.3228 -92.9225
-57.9966 -66.3385
-74.5521 -13.5792
-20.7754 -16.6588
18.0464 95.4307
-66.7249 67.0540
-55.9937 -62.2926
53.9440 -65.6223
13.0786 48.6798
-2.2324 -25.7166
-94.5011 92.4582
-74.5915 49.8348
23.9781 -70.1134
-63.7943 -1.8150
-65.7812 -22.9442
-35.7635 13.8067
-62.1205 -80.4965
39.4847 -56.5678
-34.7499 -14.0223
59.3518 41.5799
78.8495 -48.2580
-99.2350 71.5866
-84.4708 -25.0393
90.1304 -42.6040
-93.4612 80.8548
-13.9724 -27.8375
26.7874 -43.1365
47.8690 83.5052
-94.4078 26.2917
42.4550 -35.3096
81.0034 8.6644
94.3809 -77.7015
60.4610 -87.2038
56.4012 -14.3055
-48.4320 36.5218
10.8448 66.6117
79.2372 2.3068
80.7007 21.8203
65.7657 55.6676
85.8932 -15.8130
83.8077 -96.9201
-87.5461 15.1064
91.8469 66.3445
42.4401 89.0993
87.7575 -38.2810
-87.0828 -79.6081
-29.0388 -2.3873
48.4800 -50.5335
26.4236 -73.2135
-86.1837 33.7144
-29.7807 14.3102
49.1903 70.7253
22.0615 67.3762
89.4933 68.3665
10.0173 0.8081
65.1137 47.5316
-43.3116 20.7529
-50.0776 -84.8603
-40.2337 -55.7914
25.2382 -56.9012
-23.5118 13.2531
-11.0670 -36.2252
98.8985 -16.4854
-34.7061 89.2025
-71.7689 -7.7002
-46.8958 43.7582
-97.6874 16.4440
96.8733 0.2898
46.5394 -26.1408
4.3864 -29.2440
-12.5318 61.5604
-72.4548 -34.4021
6.6452 -35.3706
54.5049 -84.8273
4.1585 95.0883
41.0312 -47.6594
28.9993 -20.2116
-56.7066 -1.0362
-27.6654 -17.9623
40.1559 -68.4681
29.7094 29.0301
8.1517 -75.8771
-38.5934 -58.1881
-85.1043 22.4094
82.2062 84.5560
-55.6493 -94.3437
-45.2369 -9.7748
-22.8239 34.7195
56.4747 3.8416
-19.1647 13.4037
7.5210 -38.3364
59.1192 39.2249
-84.9901 -13.7943
-86.4924 65.4391
30.2521 30.2535
-90.8232 82.4358
-14.7923 26.9175
-15.3545 -54.4602
95.0045 -62.3171
16.6723 71.1267
-27.7552 -44.8332
-19.3686 51.9507
2.2321 45.8898
85.0425 -30.0185
-12.3470 -77.4017
-0.8078 92.2706
-44.1319 -22.4257
-40.7866 -65.8937
-70.6731 96.0488
87.1728 -62.9029
67.1066 9.5821
-74.3364 96.8516
64.3772 -95.5783
-68.5716 -26.5583
25.0553 52.6467
60.7678 -11.2007
-87.2830 -2.7360
3.3739 -1.2711
-49.2680 14.9803
92.4004 54.6551
-75.9878 18.7805
8.2017 80.2923
-31.0018 -1.9467
-17.7331 -97.7035
-25.5819 92.9597
-41.6952 5.8459
82.3793 45.2718
32.9135 35.6915
40.9742 40.0209
-17.8104 -88.2324
9.2414 -1.2135
-32.2216 -86.0743
78.5324 -47.7348
-39.1861 3.7318
-86.4954 -9.4507
4.1512 86.2519
-18.5659 -44.3093
64.1561 -72.2199
-85.6983 -82.7657
-65.8293 -72.4367
-89.0731 53.3891
-8.7382 -93.7369
6.2038 -4.9516
-1.6709 1.3359
99.2831 -32.4437
-39.5950 -4.9965
-82.5196 -77.7750
87.9835 -22.9684
78.7306 -64.1789
22.2593 47.9370
99.7845 -61.7979
-10.8134 90.8523
74.4391 -43.8936
53.5323 97.0691
-45.0137 -36.0957
-76.1262 -35.1361
-58.3540 26.9753
-9.3975 -19.1674
-3.8883 60.2938
39.3699 -38.7854
-84.8704 94.4483
-60.9195 -55.1989
-66.9365 51.1755
-25.9331 97.1325
88.3155 79.3818
77.9616 -2.4045
-77.0116 -65.2785
-10.4656 -49.6331
72.9084 -97.2691
-55.4392 -92.0845
55.8592 -44.2481
3.9850 -38.1732
86.2389 65.4917
66.0016 91.3068
65.9279 -60.6283
15.2890 76.2279
2.3640 52.6737
83.7995 -79.7504
-42.0072 23.3106
-33.2124 -5.0856
74.3924 81.5366
-85.3464 56.4956
88.5108 -23.5484
-66.1366 30.0935
-85.0775 -72.7523
38.6094 -70.0647
61.2611 41.8933
27.0214 -20.9108
77.8978 -84.3725
35.6394 57.6855
42.7333 -64.0165
80.9584 24.8257
99.8312 8.2333
-28.2939 86.1225
22.4322 -88.1353
-5.5195 -85.0987
99.2038 -27.8266
7.8246 54.9965
-29.2113 16.0712
-14.0983 -35.3037
-81.3359 63.6213
2.1940 -89.7994
95.6916 25.5787
-9.3768 -37.5758
-23.0155 73.6582
92.6349 -10.1021
-64.2834 -66.0900
69.5041 4.3172
4.5154 -53.8198
87.0745 -65.9937
-20.0054 -31.3995
22.6429 -93.3357
17.6775 -65.7705
-52.8256 60.6031
-58.2135 58.5828
-31.9030 62.0417
43.5648 -99.4040
-15.0589 81.9769
-74.5653 61.9925
-26.0670 -53.3227
-34.1059 11.8714
-52.3283 -47.3030
-0.3646 -38.3765
-30.0085 20.2154
80.2364 -36.0913
87.1766 45.9040
-27.8788 26.9628
47.1623 70.8747
19.3329 89.2146
8.0169 -7.2101
51.6841 -61.2497
-18.6290 26.4508
38.0863 -11.3649
-97.7770 -50.7389
-27.1352 72.1809
-17.3786 -98.5652
-1.1846 52.3723
-89.5299 46.8069
-77.2889 36.4871
29.1326 -56.4571
49.8035 32.2971
-18.8027 -70.9251
-52.3095 61.3253
61.8364 42.1287
59.4663 -5.3783
38.2212 -9.1724
45.4706 -5.8499
-94.6815 -98.3903
-90.4095 -23.1829
-68.6741 -6.5804
-73.6622 -45.2420
-44.4520 -68.2141
-41.0342 -54.7017
27.0245 54.7773
-46.6538 -76.1127
-42.0081 38.4174
-2.0409 -18.9406
-44.8875 35.9582
-66.3817 90.1240
-79.5076 -35.7450
78.9593 -20.7778
29.2405 -3.1538
-10.5753 58.7103
32.2009 61.0805
91.6378 -95.7878
12.4185 83.1990
-82.4361 87.0342
48.1199 7.8964
15.2424 -61.1281
-56.1499 -68.4708
19.2314 -94.1520
88.9000 -4.8686
20.5670 -55.2421
-82.8107 -31.4697
-94.2750 96.4280
-22.2434 -76.1510
19.1165 76.2471
94.1924 -39.1226
-46.3674 -10.1936
-9.3866 2.2461
-0.1506 0.8521
33.1513 84.7144
-6.7561 -9.1510
-13.6020 -87.5059
81.6298 76.4369
-61.7638 -37.2148
41.1893 -16.3239
40.5760 -91.3497
-12.8310 9.6091
87.4784 -33.1650
49.0683 -44.4220
-34.1331 -43.5738
-4.7742 -62.4720
26.5635 -8.2845
52.5970 51.5146
-15.5880 33.7940
37.1712 -62.1767
92.3227 56.2951
-48.6103 -81.0364
85.7035 -75.8952
1.2321 65.2926
-57.7829 -4.7210
-63.2345 -89.5444
-37.8682 33.4231
80.6323 -38.0224
-77.6022 -56.6214
-79.3527 33.4182
-3.7451 -6.5901
41.4926 -42.5281
38.9027 32.4489
97.2077 29.1215
-83.1698 -53.8236
51.2578 -29.7578
59.8818 77.1973
89.8091 37.0589
-25.2149 25.7849
45.1837 35.9335
-34.8963 -12.0578
50.5139 -74.2518
-16.9405 -91.9269
89.0129 -72.1035
31.3299 -64.8671
-22.0713 -62.8713
19.3852 -58.3523
-10.6525 -14.6312
80.2108 22.1771
-85.4921 -24.4496
31.3292 52.7420
-85.9169 -45.5428
13.5176 -80.1235
2.4197 -44.2099
85.7286 23.6553
19.4177 62.0426
86.7984 -5.8438
38.1089 83.3575
-6.3742 22.1789
76.5819 -72.7700
-28.3722 28.3585
-97.9025 -49.2636
-77.1940 56.0876
-37.8491 69.5376
86.4139 -93.9764
61.8633 -67.8910
58.1999 21.0921
88.4576 93.9459
-39.2660 19.5011
77.9307 97.7881
73.1656 -40.5516
91.2799 -30.0106
-80.0728 -15.2517
-4.3963 87.6180
6.9862 -15.4131
-56.9023 -77.8382
18.8683 -90.7161
-5.7714 5.6264
78.4299 94.7908
64.3891 44.9316
-3.8426 -91.1378
91.6968 19.5663
14.9982 38.6410
18.1890 -20.5901
91.0735 -73.0863
-22.1119 -63.9330
13.3755 -77.0397
-10.6524 29.0409
-9.6044 78.0574
45.6881 -40.5105
48.1251 14.5996
68.6702 9.3761
48.8829 60.9727
82.2638 -47.5790
-35.5222 -73.3986
96.4329 -31.4834
-94.9275 -48.6023
-53.5901 -34.5245
82.5670 15.3572
-15.4643 -91.2530
-60.7312 -58.4634
-82.2140 -11.4030
58.8381 -18.9163
8.8985 19.9103
57.2024 -22.9508
85.6354 -79.9004
41.3211 -12.9085
-64.5440 82.5096
-47.6727 -77.4415
-52.8331 -34.9715
-62.8703 -4.3042
-9.9457 -59.5771
-93.3950 -91.2230
73.4906 22.1799
64.9793 96.3117
46.1475 84.3158
-25.6153 -38.5526
6.5135 8.5239
-92.7627 -85.2335
0.9446 -91.1627
94.8813 -73.2980
22.3455 44.7914
-88.0345 -25.0605
-46.4565 85.6716
74.9717 -0.1341
-74.7148 -52.7760
56.1512 -68.0381
66.9809 6.7113
-2.1938 29.3144
57.2549 -92.7134
-46.5136 71.2610
-50.3054 87.4757
-86.5083 -77.0182
10.6589 -47.4465
52.6213 74.4026
-62.2268 -20.3371
71.0632 -93.6157
-81.7873 -67.7322
-63.3907 25.3257
39.0220 -23.2967
-14.3558 -70.5174
-97.9534 -34.8136
-32.9493 12.9127
54.5318 -53.1871
-69.6231 -73.6371
96.9510 -95.7511
34.4700 57.1735
-82.0968 -18.1595
-10.8109 -87.2059
91.8513 -14.9086
39.8449 -49.9332
-82.1186 33.0736
10.4787 -75.5963
43.6699 40.8416
31.7613 69.9148
-65.3883 -58.5766
57.9211 -32.4980
28.7269 1.3503
8.0042 28.9836
-5.0077 -24.9989
58.1564 65.0806
-59.2566 15.8055
7.4002 -78.2420
93.0685 -66.0785
-41.1610 21.9348
99.5880 -39.7653
98.2171 75.3044
-50.6179 58.2913
-36.5414 -5.4925
-5.5932 -79.2383
88.5998 9.8786
63.7753 79.0880
57.3898 -9.9123
50.7640 51.4159
18.3403 72.5237
-75.6746 22.2917
40.1765 -61.2564
19.6901 -32.0398
-71.3250 -76.3703
30.8659 54.1459
55.7605 -17.8587
-2.7317 -71.9887
26.7541 -47.3079
-78.6143 -35.8760
-18.1177 -63.3126
74.7213 71.7496
-77.9114 70.2874
35.6401 91.2451
45.1704 78.2432
75.4137 10.0798
-43.2508 -30.3490
25.1295 39.1163
-48.9456 -86.3447
-33.9293 -89.2428
55.3192 -45.1219
-94.2020 7.1202
49.4860 18.3537
92.8091 -39.6254
27.5396 17.9897
86.9925 -87.1653
26.4748 -79.5729
-99.3292 -95.0785
64.0855 -4.2417
-47.6006 59.7710
31.0694 -93.2073
73.5526 69.6810
53.2998 -43.2032
43.6490 -87.4532
4.7456 -31.1515
76.2794 -32.3463
49.5361 -87.0354
-79.2106 17.0358
-22.2410 -71.2633
-91.6118 28.4364
-20.0521 -45.2019
-99.5559 -59.6450
-93.4712 -7.9692
-42.8409 -27.2400
-40.1674 -5.2079
-9.1916 -32.9328
-53.7888 -34.1011
-70.8250 35.9914
41.6626 -88.0454
98.9616 -96.0786
71.1881 -35.3024
-54.8925 -0.2668
-97.6122 37.9451
-97.5815 96.4493
-77.2844 37.8941
-0.5752 72.9734
77.2264 -97.3879
-9.5130 79.6603
-75.2283 -6.3479
-73.6816 46.9938
65.7507 61.9747
-43.3096 74.6715
-88.7533 -25.1828
13.6843 -50.9627
-82.3835 -62.2608
-60.7983 93.8153
-98.9976 28.9205
-68.9821 -46.4405
-46.3764 26.2367
-76.8380 -15.2755
-34.0127 -58.7203
-92.7141 -23.9112
-21.4277 92.5310
-57.2266 65.9323
20.5795 88.3952
-24.0688 -28.6411
39.2351 -16.6964
34.3877 -2.5909
16.5580 25.1266
-8.1713 -45.0923
-41.0520 84.4935
-77.8097 -91.9373
63.6193 93.7197
-74.3413 66.5115
64.0366 -35.2558
-26.9244 36.4719
19.7960 -93.5578
51.4865 -50.4598
86.4912 -42.0705
-45.3725 -56.1823
-69.8210 79.2346
-10.5565 -31.3149
-1.8241 -10.9697
89.5036 -45.8222
59.3905 -27.9874
-40.4325 -56.9924
-79.4121 15.5993
-45.6221 40.1748
-84.9601 -62.3813
-45.5169 45.6061
-5.8365 -79.9578
-69.4876 76.2682
29.5817 5.6601
-31.9741 71.9644
25.7687 24.4112
-87.7722 71.9018
72.2937 -42.5440
-26.5523 -13.8352
-69.9146 -17.5949
90.9724 -32.6220
92.9929 43.1531
-74.4188 -58.2567
-25.2753 -14.3514
81.8770 51.8935
-18.5921 -24.3267
-32.1657 -32.4851
-71.0828 -33.9997
-82.1815 -12.0255
-55.4427 29.9650
-14.7458 32.7163
30.7583 -28.6440
3.7341 -37.7347
-73.0277 -5.0648
-15.1253 -33.8713
8.8537 74.6989
-42.9136 -73.3541
-0.6416 58.4575
-27.4198 -91.6009
37.2629 54.5005
-49.3030 -16.8451
74.0069 -92.6121
87.6748 -57.6757
75.9821 46.0242
39.8583 -23.2005
35.8706 -52.8715
-3.4000 -37.3522
-2.8253 79.6338
76.7922 -66.3575
24.5675 9.3681
-46.4032 5.8154
-32.5377 -65.8304
54.1359 59.7947
34.8738 -72.6098
6.1786 84.5930
20.9640 16.7227
2.6199 23.5241
84.7383 -63.9893
75.3611 24.6694
-57.0712 -89.5104
-31.8835 32.3895
-11.2521 95.3569
-97.7354 -72.2441
-2.8493 -30.1488
73.4628 -83.3877
-17.7500 -67.7354
-45.9686 -47.4646
-15.9794 -53.1328
66.1617 -56.2806
60.5458 67.5375
62.8491 22.9236
16.1969 34.8771
24.6067 41.3103
-23.5890 95.3967
54.3177 -16.1520
84.6295 -93.6432
-35.1007 -43.8127
18.2069 71.3148
0.4396 -46.6155
-71.2076 -56.0560
46.8231 -22.3532
-17.5032 62.2830
-33.7470 14.4956
44.8939 83.3241
45.7154 43.5040
53.5897 85.9627
82.0512 53.2189
-59.0355 -51.8262
97.5328 12.5137
-50.3697 59.4281
-19.0634 -19.8568
47.9384 41.4539
8.8175 -90.3169
-15.0848 -76.4158
-52.1133 88.2434
13.2276 -37.7778
-28.1947 -21.9336
41.7593 -75.6622
1.5388 45.9138
-72.5244 87.0124
32.3064 -85.0031
-4.3590 55.2269
-79.0783 -97.4452
38.3939 80.4832
-45.7621 -94.5721
-6.3167 53.2336
-47.7025 80.2605
20.1369 -94.3113
13.1784 78.6739
-82.2941 12.4393
-38.0421 -35.0280
51.0802 -40.9543
86.5249 95.4289
-22.6961 -2.8625
79.3472 95.1007
-22.7075 -20.4827
63.2676 1.9225
-54.7657 4.4399
-44.6040 -50.5646
38.3428 38.3775
-45.7749 -54.5358
-98.5277 -31.9233
-40.1048 25.6866
-83.0124 -80.4923
27.3112 -43.6367
-26.1233 -45.2447
6.2949 -68.9184
-98.3364 -66.6972
-92.1395 -15.8282
-2.4426 19.0061
-97.0758 49.2397
-73.4320 -78.4162
66.5369 -4.4454
71.7954 24.3822
28.0559 72.2286
35.3647 0.5082
50.3467 -89.9660
61.0208 -5.1269
11.2811 43.0439
-16.7729 10.8579
95.5655 27.9146
76.5143 91.7823
-25.2816 -14.1228
48.1256 -94.7140
-91.0892 -6.7649
2.8615 23.2786
20.0170 17.1664
-81.5794 -95.6922
-28.6574 -17.6644
20.2360 10.8967
-19.2039 -33.1191
9.2032 85.0016
38.9443 -83.5648
-30.9226 -60.2752
-49.9759 -78.8614
-71.6988 4.4373
-34.5841 10.1330
67.1749 22.8573
80.8972 -45.9546
-18.7593 24.4903
-22.9262 -45.7170
43.6811 87.6408
-76.8500 89.6806
-48.3519 89.9806
2.3533 48.4657
96.4808 -63.6880
52.4004 51.0270
-27.1794 96.8566
-45.9049 61.9440
92.4753 41.7541
18.4288 -57.4798
66.0616 -1.0608
-18.0453 0.1471
-46.8531 -77.2518
-92.8479 47.6773
68.5600 -0.2029
-83.3831 -70.7350
-67.1984 69.0828
56.5125 69.5734
-65.8917 97.1133
22.7322 3.8882
24.9516 64.1084
27.8928 6.0893
-6.2278 -52.9443
58.4387 -47.1136
44.7526 -92.5921
-2.1010 -36.9580
-45.0407 6.6496
95.2171 22.2970
94.5919 85.1569
-0.8166 23.8794
-65.1180 62.6524
-71.1840 15.4738
-76.8343 79.7313
-0.0181 -92.0652
83.8726 -90.3505
44.3519 -3.0875
91.8525 67.7979
-2.9900 -79.2405
-15.6887 -16.5599
-60.3347 -46.5540
27.2287 9.9928
-99.2349 83.8588
-57.9949 35.1395
75.6191 -94.8954
-96.2484 -35.5164
-86.8388 -9.7506
40.8192 -28.1722
-66.2262 91.3493
-41.1017 -58.0808
-66.1466 58.6335
-9.8719 53.3289
17.1982 -14.8593
-3.4853 -81.4493
-1.8125 38.9923
63.6220 50.8152
-49.4771 54.8201
-79.6859 40.2285
22.1043 -25.0498
-2.0663 -88.3419
-82.9726 -54.9374
-22.5917 -81.3746
-48.3766 -80.1178
53.5834 93.1569
-31.7094 83.2130
-48.1671 38.3604
-14.2408 46.8597
-94.1271 92.0124
67.7892 78.6504
47.5864 56.6014
46.2861 29.1036
-60.7303 84.9294
-45.9273 76.1829
-35.1369 -99.3703
-48.1178 47.2430
-38.7741 -35.2422
-81.1149 92.8157
-98.4818 94.3877
40.6179 29.1640
-78.1871 17.1369
-57.4701 37.6303
53.6078 -44.2749
56.7138 -31.7224
66.0238 -62.4320
40.9922 85.8559
-58.6960 47.7714
-67.7371 88.8067
85.6383 -2.3167
-39.9518 93.0162
-25.0144 66.9555
-65.0442 0.4383
-72.0130 72.8410
-42.7417 10.7356
-8.5201 31.6026
-96.3333 75.4646
52.7150 -35.3202
-54.5897 -92.0993
-61.8774 14.4799
52.7126 -31.7861
36.1685 -11.7119
-91.0752 9.1605
-28.6780 -50.9873
7.6708 -52.6687
16.5167 -94.5277
60.9981 -80.1352
-13.2086 78.8856
94.1123 -37.9707
42.8852 87.2431
-97.4706 -14.2609
28.0395 -22.3399
-21.3074 -40.8277
3.6969 39.6083
78.0428 -81.9592
67.9112 -47.1941
58.6645 -46.8482
-84.1832 98.2527
-24.0286 84.4121
-26.1261 -72.1118
0.3643 41.1872
-61.2921 -51.9012
57.6989 50.1143
50.1847 78.3633
15.2832 -75.9447
51.1326 -32.4573
28.1400 -13.9086
-66.2736 77.0419
-57.6958 -87.1963
92.5486 -29.5917
24.4720 -39.0970
-34.9931 15.4123
20.1290 -3.0709
7.7792 -13.0348
-10.8915 -58.7030
-97.9230 10.2096
22.3301 -49.3280
-66.9555 40.2378
-41.3405 -49.2255
-33.1484 99.3153
-3.0061 -33.6691
-98.3436 74.1208
-69.2924 87.9433
98.1956 -58.9460
49.0572 -78.4498
-79.8305 66.0334
-68.9139 -31.0478
-88.4223 48.2878
78.3575 -6.2387
3.7410 31.1628
82.1049 -23.2246
45.5915 92.0674
99.7854 88.8760
44.5037 11.4544
-9.3242 26.9681
49.5823 69.0448
55.8928 68.3024
-5.8082 -20.0971
80.1159 -84.9472
75.8141 -68.2023
-0.3593 -12.4579
31.3117 62.2253
15.5964 -75.2637
-24.6416 -35.8950
-74.0411 -30.3797
-44.4288 -21.3149
35.6373 29.2294
-12.2594 53.6331
-44.3141 82.8902
1.2445 -75.6809
-66.0248 -59.2724
57.6020 -30.1932
34.2961 -84.9363
7.8778 86.3824
-53.5904 -25.0501
-39.2719 -15.3251
-43.9245 96.1318
-59.4471 -65.1406
-40.9433 -55.5888
-94.4970 -89.6528
17.5749 77.3737
70.9139 66.8803
-0.9346 98.3838
-29.2568 -2.6883
29.7569 -67.9809
86.5916 -75.3163
-87.2830 94.1797
-22.3950 82.4860
-2.2656 71.9250
55.2121 40.0669
-38.1401 52.4231
56.7924 49.2294
56.9329 5.4858
-16.6101 -38.2597
-37.3699 56.2927
52.1853 52.2790
48.8595 52.5440
58.8541 63.6432
-59.9919 -38.1711
-63.0863 -40.3412
4.3649 84.3739
-65.8400 -78.7118
83.3086 58.6545
-5.8343 -4.9998
-80.3123 50.2273
27.8336 34.9264
-39.9669 93.8389
-69.5398 89.4239
-93.1253 78.4723
53.8520 56.0169
71.5992 93.8069
58.7086 92.3894
5.4159 73.3453
-82.5890 3.7095
-73.0374 -51.0089
86.9410 57.4535
92.5321 72.5172
35.7207 24.7896
35.3340 65.9867
53.4028 -41.2379
-77.0434 -17.5433
-25.2972 -33.6640
0.8047 -65.0782
56.1278 65.3051
-55.4966 11.2929
56.2665 50.3556
-5.4439 -23.5349
34.6333 7.4887
-66.9975 18.4409
-33.5044 3.7511
85.9947 37.9461
44.0902 -86.9360
23.7639 -98.8949
39.7483 -55.1969
-1.8965 33.8868
-76.6739 -7.2164
24.5972 31.7916
-39.2105 -26.1442
63.1196 82.5290
-55.0060 -26.7474
-48.2953 -25.9249
73.0117 -63.1734
52.6465 88.2939
87.4538 69.2769
99.5134 -11.6046
-35.9960 22.4036
85.8274 -88.9367
22.5439 -55.1631
-68.6034 -32.2195
-60.2229 69.8149
-76.8729 71.5349
-56.8148 77.2620
30.3913 2.4430
-46.6162 -24.0923
59.2307 -66.9971
45.4035 13.9963
-37.9488 15.9876
87.1294 80.9432
37.3895 -3.9970
74.4963 11.7021
-13.3932 -65.8356
30.6282 74.9000
71.6604 -71.4568
-66.2550 45.6617
-92.7793 -69.1898
23.3772 11.6301
-83.9187 -40.1310
4.8847 -89.1049
-41.3720 -81.8824
-97.2620 51.7748
-6.4000 0.0663
17.3058 -5.3878
18.1567 -71.3359
73.6607 -87.0176
-95.1623 85.6354
72.6887 32.1450
31.5090 -75.2734
-33.0744 8.9649
35.0558 62.7207
-18.3220 42.6072
81.2101 32.1792
74.5135 -37.7339
34.7914 -86.3981
6.2383 -71.0795
-74.0672 -93.9681
40.8669 -15.6954
43.8536 -53.7280
-41.2495 9.3317
-33.3034 10.8666
-97.4971 14.8461
56.0341 -61.3032
-84.4750 -90.8544
74.8356 -56.4741
71.3709 -70.6638
21.3053 97.1306
-72.2604 24.8351
53.6522 -62.0996
12.0214 46.6959
67.8556 -11.7878
62.6419 59.1461
-55.7228 76.8271
-26.5126 -28.0604
-0.3785 70.5941
-5.1959 -70.3036
-37.0506 26.6671
-45.3039 -82.7525
-70.1142 86.0217
1.4675 64.3969
64.3366 -39.9223
-89.5602 -7.2351
80.4848 -40.8581
62.1266 -38.3978
-31.2037 -45.3309
2.5545 -63.1301
0.9183 -64.2209
-28.2978 -92.2767
-53.6058 -58.8868
70.2237 87.4755
-47.5041 34.3078
-72.1057 -93.3792
20.1991 95.2430
53.6148 25.6468
77.9050 40.7820
27.3640 -44.0867
-81.6839 15.7816
87.9415 -85.9804
56.2426 93.6526
-36.8447 -97.3553
-0.1867 -85.1026
-79.8056 -9.0245
-33.1302 40.7209
13.5087 45.7729
62.7654 -47.8215
14.3412 -67.1554
-28.5747 32.5004
32.2862 -18.7410
58.0021 -76.3145
8.5836 -56.9969
-7.5090 53.2449
7.0427 16.9074
98.2957 -13.1254
10.8109 67.6546
8.8255 76.8639
-71.4331 -35.5947
40.4201 26.1137
-12.0501 -63.4915
22.3547 -30.5771
6.1116 67.2781
59.9793 35.8598
54.4107 88.3777
-12.9859 -39.1828
47.4023 -47.7832
29.7448 -25.8701
-1.9032 -22.7862
-44.1300 46.5965
-24.1240 73.0449
-64.4502 36.1400
-2.2868 -9.5647
85.6055 -30.5732
-29.9586 14.2810
36.5981 39.0559
-5.7523 -64.6081
-7.8595 -30.6014
59.8654 13.7266
92.4256 -70.6368
68.2750 -16.0310
76.7323 -76.5818
39.1661 53.3073
-30.2647 4.8947
-5.6908 62.4199
83.8297 0.6544
-51.8865 42.2257
-62.1190 41.3715
-26.2043 76.9899
-38.1437 -75.2341
42.0371 -28.6317
37.0042 24.5809
-90.7770 52.3817
-74.1693 97.3825
-0.3259 80.5703
16.1419 -23.6055
-18.8492 80.9420
42.7054 -41.2095
40.2750 -67.4650
56.0732 -13.3633
-7.8304 -82.9390
-10.9998 28.9967
-0.2638 -95.5513
82.2572 68.2546
57.0385 88.8955
69.1915 17.8200
60.9722 44.2802
99.9141 -36.0392
-11.6861 -24.2032
-10.7433 -27.5362
66.1553 -34.0821
26.9805 -94.7612
-83.3324 -30.2035
16.0590 -24.9348
47.5174 11.5838
45.0381 -77.4171
-83.1426 98.7510
40.5607 -6.8369
17.7799 -81.8118
-31.9989 -80.6663
-75.3220 -91.9700
68.2153 -78.2207
6.7558 -26.5550
45.6530 -20.4960
-90.4919 93.8794
-14.0968 82.8855
-60.1989 67.5461
-37.1725 -84.2030
-62.7837 -9.4737
-68.5488 -61.6190
76.8343 -50.1472
-33.7348 -4.7954
3.5396 96.9854
-9.9130 -42.9476
-5.7101 -96.7869
10.4270 93.4312
-63.8229 -74.6513
12.3033 -36.1434
-9.5479 -58.9164
-1.8741 -52.8861
-70.1297 19.0318
86.6339 -84.7506
-45.7587 -43.5628
90.7091 -2.1026
-26.5821 3.3252
79.2042 -46.3206
-0.5530 27.4275
-3.1727 2.8647
-29.9749 -19.7127
60.6902 -77.6426
-90.9591 -90.5771
-38.0842 63.0941
-8.4148 -13.9145
34.7306 44.9102
-15.7321 19.4001
-76.6697 -30.8895
-5.6710 -36.1504
42.8522 97.7131
-11.4355 -75.4498
62.4521 79.1171
-59.4091 -17.3909
44.9568 -6.3620
-34.0046 -5.0327
33.1772 -14.1437
-65.2406 -73.7119
-37.7313 -65.8587
-87.2467 -0.9625
40.0522 -57.1492
74.3699 20.0587
90.5796 -69.5408
27.2940 -23.8034
-8.9598 -13.2458
-5.2256 -11.3070
90.8612 28.1102
75.4749 -56.8770
-48.1626 -66.2026
-4.9087 -91.2506
27.0627 99.4233
-72.7362 -14.9486
-45.3568 73.4960
-60.9796 -34.0779
-0.9190 -89.6293
-59.6067 -29.1174
0.3525 2.8620
82.5338 -96.8720
-97.3635 26.2274
-83.8238 87.1398
-71.2907 90.9509
-91.6470 -98.6033
48.9287 -50.4132
-94.5692 12.1693
6.9012 2.7102
-22.4299 -72.9819
-80.4823 -26.8516
91.4211 89.2431
61.3452 43.8334
-37.3393 -65.9204
81.7461 -78.6347
10.6508 -19.9998
86.1699 -45.4063
-88.3689 -53.7388
-45.1607 -92.6232
-81.0397 -15.9098
-6.6663 -25.5498
58.6926 38.7861
12.6574 -15.3223
-0.7030 -19.9375
47.1661 -82.4762
-34.7581 -2.4258
-24.7537 -54.1919
44.8231 97.5986
57.7806 -29.5672
-80.3327 71.8263
-24.4793 82.4018
21.5582 -18.5359
52.2178 -55.0746
28.0616 94.3368
92.6270 81.1351
-73.7346 14.4686
-97.6316 88.8120
-11.1587 47.1114
83.1534 11.2940
-48.6155 -88.4851
-66.1818 -32.6784
-49.6342 71.4085
-9.2822 36.4752
-75.4298 -85.3087
-29.3369 -11.2627
65.3343 -98.5067
38.1780 68.2682
-30.2224 -39.9519
-62.6551 -70.7109
5.8594 41.0557
10.2858 -58.3476
-52.8378 -73.7599
-87.4966 53.5764
52.5962 -92.7391
29.5801 98.7695
-47.4141 -91.4172
-81.0777 -4.6758
93.5331 17.4588
-95.6054 -66.8007
39.5388 32.2050
-44.5834 -95.6861
24.3336 87.4962
51.1121 -64.1062
82.6573 46.8683
45.2767 24.7067
1.8212 -6.8270
53.4564 -8.2268
-54.0756 -88.0453
-94.4785 50.2151
-21.6858 9.3929
-7.1838 56.3277
-74.9593 78.3354
24.1955 -90.0635
21.3415 93.4669
-13.6029 -9.8952
0.2028 -68.8362
-33.9967 49.9903
55.6112 -75.9675
76.8172 63.5435
-57.8551 29.4500
-47.5934 77.4859
88.1435 74.1455
-5.2261 91.7318
96.2496 -63.8173
49.0146 -52.8384
-95.0601 -0.3942
64.0621 98.3480
-13.6503 -49.5671
-47.8588 -64.9217
-13.3780 88.2339
20.0747 48.3800
-23.9303 7.1907
-97.4621 27.9538
-87.1557 25.1968
92.7551 -73.4861
48.3571 4.5575
-0.6842 -35.4756
3.5536 52.1726
-49.5657 45.8280
3.2113 96.0246
44.6694 24.2229
-71.5033 -30.1441
30.7882 -9.2778
-12.2883 14.7458
23.0107 59.9175
34.4901 -31.4784
46.0472 -58.2284
41.5651 71.5765
33.8828 36.3876
33.8683 46.1998
44.8054 26.2539
2.8746 82.2012
-36.3550 1.3404
6.1861 -76.8061
-33.9638 -27.0470
-18.2424 -28.1781
82.1132 -28.0082
-6.6472 -91.4057
73.8286 96.8371
-69.3795 36.3039
88.7961 44.3695
93.5594 -48.4524
87.3271 -39.3312
50.6198 -40.1170
15.6586 -98.8914
-32.7154 94.4095
94.9136 -89.1162
-61.5439 44.8044
26.2807 32.3113
93.7270 -68.6900
2.4223 -58.5370
-12.6971 34.8860
40.5301 -10.3884
-25.7499 19.4678
25.5200 -9.1986
39.7517 -76.6193
-57.3211 -28.3537
-75.3246 -92.2871
78.2943 64.6382
-29.2862 -23.0957
-48.5001 27.3494
-49.6730 -79.0053
-34.2714 2.0450
74.5689 21.6833
-36.4604 11.1179
55.2463 -2.8437
-32.3709 -9.2778
-65.0707 57.7500
71.4456 38.3726
-44.1227 -6.2020
1.6359 79.0721
-77.1441 -88.4293
56.9849 -52.7647
-75.3511 -43.2640
30.0917 -38.7256
61.4652 -50.9279
40.1452 -15.1836
29.5626 81.3024
39.8517 -39.2628
59.8374 70.9616
36.7525 -83.6684
-58.7242 -53.0083
-69.5240 14.8725
-4.6188 -39.4081
-2.1534 78.3458
38.4179 29.0017
-49.0994 76.6658
-67.3571 44.6722
-68.1214 3.5913
33.2906 -56.4412
25.5096 1.6368
-18.5182 -26.2383
54.1419 -16.9908
-11.6695 -76.2060
29.9605 -15.4916
48.5812 -42.8851
55.5082 -7.6515
43.1602 -62.6380
61.4512 29.4258
62.7644 49.0726
16.6659 29.8717
60.6221 23.6305
90.9437 41.6855
-82.3428 -68.3168
9.0245 98.5047
-39.9648 3.5502
-86.9442 33.5445
1.8653 -32.1773
-21.5373 20.2565
-29.3889 -1.0356
98.5202 93.2688
43.9695 38.1819
-93.8014 45.3176
70.6913 -86.5739
-0.6338 29.2302
-45.5254 44.1254
73.6931 28.3183
44.3488 -36.7000
-26.0420 -32.0895
-42.6183 -23.2381
30.8067 97.6397
62.4062 -34.3335
-44.2663 72.0038
-16.9594 -73.6750
-26.6748 -41.2137
-1.4448 -67.1176
-48.9039 -0.1902
-31.8339 94.0361
-52.6490 -54.7782
6.7271 17.4698
43.7500 15.9112
-13.5904 -69.0132
-84.0922 -58.8793
27.0261 97.0253
-14.6342 -27.1912
-15.7636 13.2403
4.9020 53.9237
54.0067 58.3661
-79.5260 7.6747
14.4294 92.8234
51.0512 -61.4451
-42.3224 53.8068
-17.1523 94.3602
-97.1547 -88.9933
86.3999 -87.0566
26.5149 13.4987
9.6159 -33.6260
-99.8253 24.1896
-25.3991 -70.4727
14.6434 -73.4412
-21.5493 60.0503
87.3404 -45.9600
-91.7477 -35.5797
-47.8961 38.2892
54.5440 54.5122
-52.1692 -29.3203
10.2042 60.3752
42.2181 -35.3550
-76.5084 61.0437
-30.5091 -36.0501
-5.7157 -65.6944
48.3086 40.0571
-73.9617 -21.8352
-80.9684 -88.6113
36.7541 -82.9887
-94.9990 67.8497
-1.9042 -7.1753
85.2602 88.0984
4.0883 5.4088
-79.6732 69.8975
-46.8506 -3.3293
94.3068 72.4229
-92.0131 -4.2820
33.8857 65.4114
42.1531 48.9304
-76.4924 -29.9905
-16.3972 -21.8785
-30.9977 10.3414
-88.0633 -41.3158
-56.4939 -75.6741
-40.2528 32.4824
-84.3448 -56.4483
45.0646 -45.2251
-6.2865 56.1162
-58.1746 -69.2379
12.9176 82.7703
2.7804 27.1876
89.0578 -71.4885
91.4204 24.7752
-36.3308 68.6342
-66.0453 -73.4626
35.3156 -88.8524
61.0587 28.3345
27.1752 13.8997
49.3846 39.1791
90.6621 16.4953
5.2233 -28.8119
-50.5140 81.1682
-28.2512 -95.2710
-99.9306 56.5384
40.3624 46.1559
87.0092 -78.3454
29.0478 -4.8357
-25.3209 -97.9341
86.8447 35.1346
-81.3716 -84.4171
-96.1667 -16.6021
-82.4715 -11.7308
-64.9819 -59.2381
13.0487 -46.9168
96.8582 27.4213
-5.8259 -32.0206
91.2742 -21.2595
-75.2619 -85.3853
-14.5814 74.3122
55.2692 41.0054
-95.5717 38.0573
-42.1713 25.0333
69.0513 -41.6896
-31.0473 69.6086
-36.1081 -23.0698
-87.0917 7.4688
6.1993 62.9275
-81.3255 29.2315
-72.6674 -71.8265
-19.5513 -38.9472
33.5760 27.8013
-87.2327 -52.7740
81.1950 32.3760
82.7953 -28.5994
-15.5259 51.2138
83.8635 -24.2217
6.6313 21.7049
-75.2298 -56.1535
-22.7991 -78.8075
-59.8000 -99.5689
90.1552 -23.1784
-60.4757 -68.6209
38.9278 -3.6721
-93.3743 13.3021
-10.8850 17.7516
-81.6846 98.9813
10.9655 -11.2441
85.1368 48.8356
-30.5979 44.2351
93.7211 -89.2958
-11.1023 -46.0202
7.6557 50.0231
-38.4212 34.7403
7.6667 -97.1304
9.7379 -32.3213
-74.7333 53.6023
-63.9052 35.3911
97.2640 71.6889
-56.8210 24.7109
38.8820 -89.8903
65.5006 -9.7540
-98.6551 35.5857
39.4943 16.7262
21.3141 -77.4982
62.9771 -46.8771
-71.0891 -33.9263
-86.0496 29.5559
91.9006 72.9164
-28.3183 -9.2491
8.3157 -87.6892
78.9248 40.6460
-60.4027 24.4598
-10.8761 41.0835
-63.6504 2.5696
53.0954 -52.5534
-4.3656 -67.5315
-62.5670 -99.2066
-60.5848 -70.6770
-0.0024 36.4940
28.8435 56.7768
-12.3287 -55.8633
1.2115 -14.2885
36.6193 -20.4785
-52.6305 -45.6351
-14.9709 -41.7945
-79.2505 3.8948
-18.8743 57.1809
13.5416 -96.7440
-78.2519 -8.9684
28.5456 64.3401
86.7089 -82.5132
55.1472 66.9684
-67.0155 69.9538
-54.5301 -0.2771
89.0909 -27.7254
-76.3354 -37.4448
1.6912 91.6660
67.6051 50.2237
-33.5020 73.9687
-48.6148 48.6071
-26.9180 23.7453
-43.1024 -42.7095
48.4456 -42.0788
-95.9790 -67.6957
38.5898 58.3970
-14.2117 70.8446
-90.4428 81.6203
-51.7943 53.9108
54.1707 -70.6701
-16.7989 69.4056
-90.4267 38.1050
-96.1046 77.0927
-10.3679 16.9084
30.2552 25.3611
56.7967 -35.6849
62.8448 2.2758
-5.3318 99.0098
-82.6992 93.0261
84.7756 64.0263
-87.3220 92.5722
-58.0068 17.5876
18.7834 53.8770
69.0850 -81.8210
30.6578 -55.4127
82.7551 -39.0292
-6.3293 -53.6197
-13.4351 64.8572
75.0539 65.8647
-56.9246 24.9098
-72.9662 -25.3320
61.0408 48.9850
88.8253 -25.8580
89.8477 61.8463
-9.2792 -51.1052
81.1837 -22.6858
-77.5153 2.2803
-6.4782 -9.3503
-25.9806 68.7622
-95.6586 9.2918
-35.7785 -82.0904
71.9466 -36.4642
79.6227 38.6216
-16.1748 94.1368
44.6647 -36.3579
99.0140 -1.5069
56.9430 94.3742
72.6655 13.8884
78.4441 52.8834
-72.1527 -65.8375
23.5494 24.4844
2.4196 -22.4627
51.7850 -62.0986
-84.4779 20.6052
-20.5994 -70.6882
48.4886 15.8488
77.8343 -53.5223
-68.1096 67.3722
-88.1303 70.7621
-0.4814 8.8134
78.4422 -60.0703
-14.0600 99.7663
65.3691 16.5551
-68.5806 43.4824
29.7455 52.4219
-11.7907 -49.9781
-14.8352 -28.2705
-91.2975 25.7407
-89.5092 34.9680
-58.3067 -89.7195
-44.6446 20.2512
97.5199 43.4395
79.6411 6.0160
-71.3916 20.4085
-11.6835 -27.5739
-15.0584 24.4363
2.6655 77.1863
-99.5224 -19.3763
99.1483 92.9273
62.5633 4.8145
21.2119 -55.7558
72.3911 -54.8315
-92.6503 93.4193
-19.1751 98.2278
-7.3281 51.1826
68.6304 -88.8992
55.8610 4.6568
-39.8658 -50.4463
-30.9962 -70.5352
31.2111 -35.0048
-78.8037 86.1235
-59.8534 4.3611
-14.2344 -75.0800
-56.2629 -3.1804
-70.7008 10.9018
-94.7092 33.4955
-11.6949 -22.0031
78.1650 -91.1230
-17.1102 8.7065
74.9226 -13.7891
-44.8723 -96.6603
-14.7357 47.1366
55.3246 -34.4433
91.7530 -17.8660
58.9377 36.2615
60.8284 -74.6027
43.5935 -6.4500
-95.0355 17.6546
-47.6586 4.5311
-4.1359 -10.7980
24.0242 -93.3316
-14.2631 0.9669
-77.8359 -2.8888
89.1930 81.9692
-33.4143 -63.9225
-36.6867 -55.1254
-77.7903 -82.4301
-44.0299 -10.3328
-30.5866 -96.1107
21.8110 -28.7997
-80.0284 -63.7856
88.2792 -70.9767
89.2021 -53.5902
65.4916 61.8102
96.3403 -42.4865
-21.1880 -51.1273
0.3603 -95.5768
43.2192 25.9047
61.4826 24.3689
-65.0803 -36.4332
-85.4324 93.3075
-68.4413 70.5870
-25.9981 -23.1718
99.1011 68.7009
18.7953 -18.2999
12.8403 -60.9804
-31.3025 -93.4966
72.6614 -19.2808
97.5301 85.8858
-63.6623 -10.9698
-42.4448 -10.2874
-62.1061 5.6986
53.0888 -87.2063
-47.5467 -17.9592
-74.2308 -56.3255
-41.0124 -21.3222
-19.1605 98.2895
-85.3658 19.5089
-64.0581 51.9788
-3.6161 77.1776
68.6409 -92.8173
5.1212 72.0932
-63.9586 14.0822
47.1828 64.4380
-24.2942 12.6163
-16.6013 -54.6159
-14.0223 25.6605
-46.2111 -22.8883
95.9171 82.6304
45.6313 58.6077
-93.4554 -92.7106
7.1982 -41.9451
57.4367 -76.6613
4.9931 -26.5347
3.2573 33.5098
55.1816 94.7996
27.2297 26.1905
64.6725 -17.1452
26.7020 -7.2043
47.5391 -66.2319
86.0530 69.4115
45.8290 63.5638
-93.2841 -40.2186
91.9765 62.5737
26.6561 -31.0528
71.5410 -90.3521
91.6726 95.7053
-29.1590 23.3249
-97.0647 50.3666
89.5381 -71.0058
-31.5952 -45.1887
18.4491 -39.1244
-65.8885 -76.1869
-34.2430 -62.8224
93.8361 92.3231
36.9400 65.0251
-32.7364 -75.5390
-7.7459 -25.6523
39.5907 94.9909
65.9583 -95.8209
-40.7703 40.3780
-57.6142 83.6954
-73.2502 8.8762
-93.8717 -41.2066
-77.6154 -2.9808
-55.8800 94.9758
-61.9352 -34.3795
-5.6174 76.8173
-76.1400 -31.9058
67.3006 -20.9315
-49.9509 4.8690
-24.6060 -56.7146
-53.8137 34.5871
82.6900 -97.6269
-72.6635 0.0945
31.2242 72.3694
86.9436 -81.5351
52.8789 71.7107
-8.5592 -62.4897
65.3303 12.5909
-93.8876 22.3712
-75.0775 50.6635
-16.9797 32.5211
-98.3256 64.7568
99.8153 97.4737
-85.8372 99.1499
-78.5595 -30.6855
-72.8417 9.4854
-64.1412 58.6268
89.9166 45.3874
22.7598 31.1581
-46.6491 42.7669
-57.7129 90.2756
97.5707 95.1469
-74.7947 55.7527
-36.9725 72.0570
47.8763 -69.0849
-92.7221 85.3220
-12.7492 -26.4305
-70.8467 26.9442
67.3747 -77.5270
-10.5376 -30.2998
-73.2207 -80.7321
78.9398 84.3502
-29.4813 15.5043
-33.1611 -8.6903
20.3246 -53.8813
44.0434 87.9911
-85.2468 72.3617
34.2808 64.5496
-46.5057 -46.7316
-34.5927 97.8670
9.9526 -28.4861
29.4291 70.3766
20.7141 -38.4870
61.6642 -10.6819
4.2932 -94.1726
-87.6117 -65.0843
-26.7322 -50.6280
56.4805 -29.3137
12.2194 41.0291
50.1837 35.7632
-16.2622 76.3971
-56.5406 -38.8795
-53.4506 8.4079
-10.0599 -23.5663
-93.9328 -53.6743
67.4456 -80.2728
-89.0599 8.4234
-20.6992 -45.9860
43.2819 63.1348
-60.4645 91.9432
98.9193 2.8906
-43.8142 15.5886
99.4961 75.9959
28.1551 -15.7775
-51.5113 20.0302
-34.4999 56.3542
85.3084 -76.6602
94.1579 -0.4009
51.8333 -22.8182
52.6896 -74.3741
-11.4341 -99.6466
-32.9703 35.6486
46.2083 93.7893
-27.5288 48.1859
-47.7334 -89.5809
-33.2417 -59.1054
28.7739 74.6632
75.3441 -84.5268
91.5268 28.5456
46.5686 -60.1098
-8.5898 58.4153
90.0065 -40.7648
14.9556 0.6888
-81.4996 69.8297
-77.8031 -78.4145
0.5355 -77.0720
27.1669 58.0151
0.5140 -9.2435
-16.0402 86.4222
2.3301 -79.7757
71.2928 -26.0882
84.1439 -54.6935
-19.8322 82.9627
-41.4076 -5.3751
-63.2153 79.0809
-66.4421 47.8421
38.8038 -54.7228
90.0228 -53.6640
72.4846 44.3578
-65.9482 -67.2421
17.7932 -73.6727
-94.0691 -13.1184
-7.0025 -61.6335
28.1855 13.8737
58.9218 -65.2684
-52.5106 -6.3725
-12.0523 -69.9021
-32.2438 -82.0551
54.6484 78.2958
-69.9256 73.7342
94.4498 3.7541
-53.7955 -28.2225
-83.0278 65.6114
89.3891 -88.1051
-40.4439 -61.3511
-62.1890 96.0655
-8.8370 22.0123
-17.7820 -23.3190
55.5853 -95.4885
-98.2035 -20.6501
-15.0530 3.4175
76.4109 46.7806
33.9652 59.2537
93.3231 -73.6114
9.9216 94.7964
35.3075 22.5717
19.7489 2.3107
56.1685 22.6118
76.9492 -80.7291
15.7994 4.0803
-43.2933 -4.4938
20.5072 -92.5319
-81.3375 54.6290
-99.9058 -10.1775
-54.2712 58.5454
-10.0022 61.9146
22.6171 -37.0385
79.0084 -19.8744
-75.7584 81.5744
9.7467 50.9160
52.1018 80.7278
31.7110 -59.2562
-15.3013 -25.7397
24.7819 -27.1015
46.0874 1.2303
81.0353 -40.9060
56.2484 -36.6653
29.2791 72.6869
48.3482 68.9693
54.4237 95.5830
49.2724 51.0490
-10.9529 23.9986
-58.1420 -74.9654
-38.3092 35.2612
21.6175 -35.5643
36.3528 79.6663
0.0576 13.4380
-23.0580 -42.4215
51.1598 89.9264
-16.9445 -8.1326
59.5491 34.9753
48.6635 -65.1928
-42.7493 -51.8515
14.8290 -68.5594
55.1488 -81.3624
43.3078 -74.6410
19.5225 -75.6229
92.7248 69.0130
86.2483 38.5135
31.2406 55.0089
-62.5180 95.2372
-45.6436 -78.7211
-69.7568 -31.8913
-47.5875 -2.7082
45.8163 7.6243
-25.2901 -96.2149
10.5150 7.4163
98.2227 -92.9185
-37.9157 78.9192
72.0843 -75.0418
-57.1990 -19.7120
-52.8924 -66.7253
-17.5890 -5.6740
-53.7160 58.4870
-81.3861 59.8046
46.6210 -86.8424
-78.2536 13.6407
23.0422 18.5299
-16.3802 66.0767
-0.4793 -86.1625
17.0663 -30.2638
-12.5498 86.2085
6.5626 -53.8032
-55.2310 98.9452
-56.2949 -11.3738
34.6677 98.9969
87.7161 58.2869
92.7177 90.5207
60.5174 66.3655
-68.5671 59.1702
-86.3059 13.2549
-7.7094 88.6540
-76.9749 -3.8420
-67.6904 -61.8732
-75.8019 -61.7070
35.3862 -42.3109
-67.5704 -30.7294
-26.0808 -68.4460
-31.7795 77.8767
63.3381 -80.8706
-6.3294 -58.0863
-15.5761 73.5692
-57.0430 -48.9732
-17.7980 -76.3781
63.2073 -45.0394
92.4612 41.7785
52.4447 48.4524
-78.2521 -80.6343
97.0515 81.0036
41.8055 47.2819
-82.6701 51.2761
69.4389 -68.4254
4.1410 -3.3679
-86.8150 27.8021
-32.3586 -78.9916
27.0548 20.1391
-65.6204 -32.9004
39.7064 17.1163
53.3181 -87.5292
49.3140 -75.9534
-71.5775 -80.1476
20.0338 -62.8808
53.0198 -50.1130
-79.7602 -2.7853
-12.9679 -83.3032
-87.9897 -85.9197
12.9909 65.4520
38.8434 76.5134
67.6952 95.9062
52.2214 -46.7900
27.8760 -53.3952
84.0762 35.8500
-39.2627 -13.8677
36.4324 27.2587
-22.7885 -51.0104
70.3644 86.3964
96.5685 -85.0093
-47.1563 94.6135
-24.3504 -77.0846
-97.9047 84.3677
-29.8143 76.7476
78.0539 -74.5401
-27.3082 -7.7931
69.8447 20.9501
75.4101 -20.0913
83.1483 77.8394
-77.2477 55.9724
27.1464 -23.5630
-99.9449 31.6914
-93.6825 -19.2471
27.7948 -53.2201
82.5252 7.9714
63.7674 78.1071
0.8795 -15.4240
-22.6927 76.0959
-75.6654 -57.4811
-62.5889 27.2686
13.3991 -59.6461
44.5814 -15.4467
-41.3808 -1.1482
42.3504 -75.2489
-83.3525 93.5467
-1.4632 40.3941
-19.9322 -68.0025
81.7134 -68.3530
36.5067 60.0386
29.6942 53.2784
94.9544 31.8283
-90.6266 -24.7259
-53.7524 23.2684
-0.9091 -71.9568
-11.2984 -76.3318
-99.1747 -56.5051
16.6080 50.7427
-63.3444 73.7679
21.0641 -31.9875
88.0641 -62.1327
8.4265 67.9663
-40.8044 -25.5879
-29.5252 78.8215
9.5575 -57.1231
-35.7207 30.6559
9.8335 -23.9357
-73.9529 -54.4545
-66.2810 27.0003
46.6776 88.0947
85.8127 -13.3630
6.4248 -33.1041
-94.0375 -90.5940
-67.2631 -32.5949
-28.6599 -3.9737
-42.0262 66.5273
90.1206 -0.2526
-50.9695 -14.6462
-30.9916 70.8956
-39.9909 48.2931
98.4490 -9.9398
76.1004 6.7707
-41.5771 -64.5911
-29.4842 44.7107
90.3617 -44.4494
-49.7868 -92.7554
-89.3566 65.6173
94.1081 45.6225
-22.2025 -65.9943
-85.7710 -40.4182
26.3965 64.0770
27.9404 -11.4643
-86.3303 -89.2329
31.7246 -24.2664
75.5839 -1.0132
-23.3817 52.8352
-4.2794 -1.1657
-81.3063 8.1528
74.3420 -40.6480
98.7868 74.7512
-29.7544 87.7686
-58.5800 -11.3505
21.8885 42.8729
27.7697 40.6578
85.2252 -70.6053
57.8626 -93.7077
64.8979 76.4336
69.2359 27.3135
25.9969 -42.1573
-93.7056 -79.0792
-26.8219 -38.9012
-39.6909 2.1769
-94.2723 69.3609
39.8497 -66.8770
-70.2069 28.8538
-28.0470 47.5389
-71.5506 -94.5422
79.2229 75.1410
-1.7482 95.1645
-52.8559 14.0378
0.2626 77.1884
32.5830 62.7537
-65.1217 -17.1714
25.5052 87.7977
-45.8907 -87.1125
13.5436 89.5793
63.4451 35.0249
-91.6562 68.0956
-20.9974 -70.4896
-71.1463 -83.6775
-37.9901 62.4335
-27.2450 81.1242
19.2711 90.5513
83.0799 46.3451
-26.6779 -31.7936
29.3483 58.5667
-73.6701 -21.9758
-27.4502 74.7392
-55.8486 96.4260
-94.7989 -37.3368
-93.9508 -6.4508
-72.2226 70.8649
32.6822 63.3015
-67.8215 36.1754
69.8077 -8.1043
-68.1923 37.9001
44.0137 83.9837
7.4506 -39.4795
13.1033 68.3942
59.1136 -73.3014
29.5521 -50.0366
70.7040 27.8446
-98.9997 -81.7366
-67.3744 10.0611
-21.8870 94.0347
44.1857 31.2696
-8.8416 16.9598
62.7432 6.4143
44.7065 42.5840
-17.0190 -20.4112
-79.0821 -58.4030
97.2927 -4.8748
70.2433 48.7516
29.3067 -85.0931
89.1021 -99.0830
-8.2429 94.1707
-66.8772 7.6633
-99.0276 -80.1104
60.0578 68.4618
-93.1270 80.8939
-92.3839 48.3341
47.1733 54.1343
30.0554 -14.8447
-99.7243 83.2732
-34.4392 91.9612
-69.4585 35.0696
31.4329 69.6719
-67.2401 -50.4696
96.3037 -19.8060
-41.1458 28.7669
47.3178 32.9017
43.4724 66.1383
88.3732 -58.2488
44.7655 64.5834
91.5339 74.4411
-40.9921 0.8123
-97.3623 63.4455
-23.0726 17.6539
-39.1013 -69.6383
-13.9103 -66.6863
-92.5269 -63.5093
6.5266 22.0870
-84.9938 -31.8443
84.8350 49.7247
-70.3405 -21.7085
-41.7640 7.9022
-41.8418 -89.0773
-30.2109 -46.0569
20.9016 -76.6517
14.4468 -62.2578
99.5617 -28.0135
-4.5959 -64.4586
83.7256 -44.0177
-87.1861 12.8986
94.0348 -47.3158
14.7479 -23.2223
-17.9595 -37.7817
-50.7228 42.7945
16.6048 31.7372
-14.8424 -72.8859
-10.7943 38.4716
-58.9105 -97.2671
-30.1071 74.0867
-4.2868 2.8496
-44.4404 53.9453
5.8177 16.6919
-67.5304 74.6916
-3.4199 40.3458
85.8066 75.5045
-73.1138 -69.8148
-5.1277 64.3287
35.4906 -48.9088
93.3396 -46.5490
-11.9830 88.3561
-4.6688 -72.4566
31.0814 -98.7656
26.0935 80.0422
-52.6502 -91.8654
68.3774 4.8213
26.6864 -31.7790
-93.1499 7.8368
-37.9388 -31.0258
20.7211 26.0448
79.3591 -42.7091
27.8540 -7.7987
85.9015 84.8279
38.0456 -70.9180
-69.5951 31.8754
-66.4484 -35.0891
-2.9979 17.8430
13.8859 69.2939
8.2362 -99.2618
78.4350 -40.6926
-99.3156 97.6528
-77.8327 80.4165
53.3456 -57.2405
39.2424 -21.8838
62.6701 81.0749
61.1439 -92.1581
-60.6925 -78.5078
-70.9232 -18.9528
-14.4743 -18.7267
39.7046 76.6265
-61.1352 -10.2078
22.3360 -7.0719
82.3039 -17.6395
61.8165 0.6157
-10.4563 54.7609
27.8353 -42.8815
-56.8809 -67.7588
-5.5163 12.7854
48.2334 39.7846
-39.8451 -90.8544
92.3169 -69.8726
-38.7494 -7.0736
60.6087 43.8757
52.2294 -78.5408
-43.1911 36.9750
-91.6716 93.4900
-29.2800 -91.8257
-67.0863 -40.4183
66.0340 -5.2179
85.7301 52.0524
39.7193 37.3764
-17.4550 -68.0111
-23.8379 28.9852
73.7601 -69.8642
73.0315 75.0083
15.3318 -98.3898
-50.6013 89.1910
-87.7315 -81.0584
-97.0040 -78.2863
-40.5298 -30.4922
16.9759 -83.7802
-12.5082 32.4177
89.7629 51.1310
76.0164 51.4108
-42.9678 47.1518
-88.7071 70.4779
18.2070 58.4738
-49.6077 -84.2740
36.8351 -23.7165
-38.3926 22.4405
-11.4881 43.8174
-35.7822 70.5686
26.9017 -48.1181
-60.0530 -96.7733
29.5141 60.2997
45.9214 -42.4931
-99.8809 76.7084
-70.8138 -37.4591
32.6896 68.1981
-10.8380 -90.9667
31.7603 -22.7968
-29.2586 -46.8080
-18.4942 -90.8834
-87.1436 -83.9495
-56.7996 -53.0101
-61.8904 69.2817
67.9619 -64.4708
87.5430 -47.9693
-1.4136 37.1048
77.9278 63.4077
-84.8564 96.8504
31.2849 -71.7277
-14.5696 -51.9681
-13.2886 -65.0834
-19.7679 -41.8227
-51.9161 -96.2784
99.9190 -15.9648
-1.7434 11.5759
-53.6562 -79.9147
-70.2832 44.2018
-89.2713 -13.4028
58.5715 8.1237
-22.9801 99.0572
71.7223 -23.8211
44.5527 64.3180
19.2686 -39.3770
-67.4891 -64.7758
99.7147 -86.9701
36.7425 19.5714
39.0924 -97.1644
-11.2358 -63.4220
-40.3162 -94.1610
-66.6673 -63.7386
77.0478 -6.5823
3.8258 -87.6804
-26.0720 99.7596
46.7848 -9.1058
1.3066 -1.9307
34.7370 -30.4054
-74.2906 -43.2223
63.9904 -20.0226
67.3304 -86.0109
30.5696 -91.6421
-33.6753 51.8831
74.4680 -23.7194
21.9985 92.2111
99.0527 31.3206
-20.0986 42.7211
71.0644 -72.5020
-47.8511 2.3086
37.7315 -23.7539
25.9375 26.5488
-60.1165 -40.1867
45.1370 -86.1027
4.7755 -67.7331
-67.1863 33.0336
47.1260 -66.1585
-79.1498 9.7443
-37.9287 -36.6003
-90.7992 63.8039
-24.4867 17.2745
67.2977 -72.5935
-29.0871 45.4885
-16.7472 -60.7282
68.6634 -17.4264
51.7773 5.9863
-94.7650 75.2946
70.1107 -54.4826
-16.8634 25.0892
-4.3509 -42.8372
87.2357 67.5852
19.7574 36.1175
-60.1909 -4.3970
31.6408 90.2778
-59.9520 34.5121
-10.0251 -70.2495
-51.3694 -90.4359
23.5689 -67.5487
88.0671 77.5428
55.7208 11.5575
92.9777 66.3847
11.2697 -86.5709
75.9090 -2.3580
-97.0039 63.3343
2.0815 85.5037
1.3213 3.5369
-63.5069 87.4353
93.7320 15.6398
-91.5027 69.9043
40.5047 93.8892
-94.9163 -44.5942
26.9237 81.7572
-13.8844 46.1377
42.5823 56.7582
48.8073 -20.6978
-26.5851 -40.6771
44.6837 45.7189
35.4717 12.3315
-99.7827 -93.2225
20.3036 -82.9244
-62.8445 -31.0675
95.1085 -3.0588
0.5718 34.6120
-65.8072 -99.5519
83.8649 56.7130
85.8451 71.1710
51.9645 -70.4655
95.3842 -11.9207
-13.5349 34.8108
-0.1889 93.2210
18.6041 -49.9458
-20.7096 36.0688
-9.2850 -53.5740
-76.1632 -4.7796
-97.9688 -57.6416
-36.6005 17.3276
35.3133 32.4732
55.5770 -1.0167
-91.3981 -66.7148
37.8566 -44.7674
22.0391 55.5724
-23.1523 48.6720
83.6324 91.6994
15.9687 -4.8102
56.5674 92.5865
-85.4642 -90.7749
79.4484 -76.2638
18.6260 -50.5130
74.2869 -30.5477
31.8485 74.0861
82.9837 -75.4376
73.4654 15.0030
-84.0195 -24.7706
26.6881 40.7520
82.0415 -80.2798
4.3115 -84.2202
41.4043 74.2031
-85.9614 67.7244
-93.5139 15.9026
85.0381 -40.0630
75.0886 -22.6660
-71.4102 57.3056
-0.1053 25.9798
58.4722 -54.7927
18.2093 -77.0986
54.7235 28.1853
71.5026 66.8380
-96.3441 42.8876
-28.2922 -12.7665
-58.7987 -86.1975
88.7561 94.8254
21.0071 88.4453
-96.0221 22.2349
-42.8910 99.9316
95.7743 -65.4871
-97.6692 37.5443
68.6541 -24.4036
79.3140 25.3302
-80.2452 28.3320
57.7193 93.7111
31.7399 2.8748
-76.8956 66.1817
90.3116 -0.0687
-98.8806 14.4346
20.6817 91.7383
74.1281 -30.6855
34.2153 16.1541
0.1619 -8.0897
56.7221 -33.9005
-32.0886 -85.0749
62.6745 18.0950
-40.0191 -14.4096
-42.5982 -66.7226
-97.7425 56.9730
68.8986 2.7015
-59.1293 -9.8731
-55.1838 59.1378
-53.3325 98.1202
44.3721 5.0232
46.2067 -40.8241
89.4811 -41.0665
-49.3870 -82.0437
24.9825 68.2427
1.9641 -70.2989
-7.9358 10.9931
-87.0689 -70.0820
-64.4182 -8.6766
14.2551 -44.8894
-18.0951 82.1361
60.5426 50.2683
-55.3957 33.9411
-22.7060 65.9399
82.6143 -30.0909
54.6740 -50.5303
5.3342 31.8446
-28.7612 37.1572
-19.6863 -23.5610
4.2340 77.3007
-43.9812 -2.7840
-1.7148 -78.5160
-41.5940 78.0802
-49.9850 35.3100
85.7497 54.3418
-85.6286 -1.5954
-83.1811 51.3248
-27.5015 39.3751
65.9971 23.6315
-93.4285 -31.1806
13.6454 31.0135
27.7077 76.3669
80.2244 -66.8289
52.9259 -90.9238
-81.1196 70.3256
71.1085 -67.2654
23.5781 -58.6959
22.1663 21.7338
0.3323 26.6212
-92.4113 -91.7567
22.4655 13.5826
30.7267 -8.9986
-1.3178 39.8801
21.1337 -42.3897
-17.9657 -11.8257
64.8951 43.7391
-59.0172 49.6666
22.3059 -73.3179
-9.4543 -84.4611
90.2709 -22.8446
89.0741 29.7609
-12.2741 89.9194
-35.0446 -22.9570
52.9481 -78.4373
76.2672 -88.7124
18.6820 19.3390
41.6373 70.9957
-62.0845 52.5551
40.1435 -67.5572
62.0799 43.0035
-50.2107 -58.7998
93.8856 -4.8558
-59.0163 77.8232
58.5373 73.7687
85.4945 94.8992
49.9380 -96.1373
-79.2656 5.6916
-88.0966 20.4042
41.7960 89.2408
67.7227 -25.9106
53.5446 -91.4269
-99.9065 -35.8623
-40.6370 -57.1815
60.8025 -54.8694
-64.4840 -24.6642
5.9172 63.5455
47.9398 -21.8506
23.3702 -72.5254
-26.9247 21.6532
12.6452 -49.1381
-44.3895 -95.3289
-13.9860 69.4952
59.1998 7.9576
-51.7566 60.9178
15.6406 8.4341
22.4847 88.2813
93.3902 -7.0779
-13.2410 -93.3866
95.7534 -19.6391
38.3765 42.7470
-58.0023 79.2060
46.5718 -35.7606
-66.0056 47.1502
-56.7187 48.8092
35.5678 -45.5194
-19.4963 -46.4190
-5.7266 -8.9839
-61.3633 -9.4941
-74.4673 90.3448
-16.9269 -99.9904
68.5926 54.0177
-23.9791 -77.1984
87.8492 55.0853
-58.9720 16.6677
88.6829 16.6736
86.4068 -11.0016
-60.2028 30.0318
97.6533 17.8962
-16.0744 89.8544
-27.6148 35.7539
9.5533 -63.8340
-88.6500 48.2171
52.9779 -73.9807
-4.5014 66.3969
87.7420 54.9043
72.6801 23.1471
91.9618 -21.8764
-75.8623 61.6800
-11.8977 12.1881
42.0208 -44.0521
-20.1052 13.3149
-87.1693 -5.1035
55.5278 -81.3733
1.6070 8.6124
46.0917 -3.4293
-89.8270 -43.9632
56.9129 16.0116
-26.6812 -78.5144
47.5516 -24.0948
85.4468 -83.6262
-10.7023 75.5008
-86.3409 -61.2348
96.9838 85.4748
72.5639 -21.0527
1.2839 9.0266
-71.2477 84.2391
-92.2466 -5.9757
-90.7581 20.4668
-9.3926 -10.9715
-6.6163 -3.9282
-2.3463 -27.3613
-9.4679 -92.4304
76.6311 45.4666
-10.0229 20.7240
-8.6496 -91.5076
-52.9569 3.6645
-20.4480 -7.4789
-97.7635 -81.5377
-27.7923 5.6652
-36.0493 -17.1068
76.4069 -27.9254
-71.3729 -48.9310
37.0576 -28.2751
53.9539 -9.5847
-44.8466 74.2527
55.8208 -56.1352
-75.0523 63.9347
-83.7283 -42.9754
-90.5041 28.4008
-15.1895 -49.6869
81.4555 -89.8447
67.5945 57.3687
19.8010 4.4870
-64.9711 85.5874
64.6787 40.0673
90.6191 -81.3736
-85.5295 9.3829
-14.0451 41.9687
-11.0134 69.5245
56.3985 -60.3802
-24.7201 -69.8207
32.9189 69.6352
-74.0412 72.0065
-91.2324 -89.6862
98.4906 80.8106
-51.9051 -57.5911
10.1017 23.5508
-28.0161 75.8688
-21.5933 43.0410
-36.7185 -85.1441
-14.6152 -12.3232
46.5065 77.9881
-92.8171 -63.2102
66.3543 -59.6690
29.5548 69.7190
-55.1770 -77.0507
46.0488 -86.8326
-8.7295 62.3799
27.4055 75.9864
95.9642 -58.5258
37.3050 18.8789
-0.8202 33.9035
12.5318 -12.8020
-43.5541 52.4934
39.2131 -29.4173
-58.4423 -62.3412
-47.1204 -71.5724
-88.3483 66.9270
-64.2696 79.1864
89.8808 -95.5592
-20.9632 -31.2858
68.2539 79.0998
25.6006 81.4075
-52.5013 -60.6748
74.5970 -97.3533
66.7014 54.7348
-24.6419 2.7218
-75.8660 18.5978
-89.1690 94.6301
-17.4901 -44.7848
-47.2450 77.5323
-28.1386 -57.1307
-68.7580 -78.8336
-9.5520 80.0402
-45.1163 23.2325
-70.4162 22.5397
-28.7836 -26.3917
-87.2471 -20.3083
68.0954 -52.1909
-3.5610 59.1687
-55.3725 -26.5620
-95.5057 -81.9520
-11.1188 -22.6302
-19.3341 80.3842
-49.0301 63.9155
-57.3306 9.5920
41.5528 96.1411
-92.1769 -44.6291
-17.8420 46.0957
5.9240 -44.8819
25.1983 51.2910
93.9071 77.8362
-27.3855 33.8474
0.0946 33.3140
-7.5925 98.7745
-57.1705 -46.4104
82.0236 49.2634
-36.4598 80.3619
63.7924 -1.4655
67.9596 -90.3611
-45.3783 -52.8189
-63.8983 34.4773
56.4744 -34.6882
73.1128 -50.4209
-75.4309 36.6061
-16.2237 77.9579
-84.0352 25.5764
42.1498 -1.7838
20.8783 23.6870
29.3131 -26.1064
23.6475 -65.8261
52.8006 72.7909
-52.9559 -56.7734
-11.5000 -45.0878
74.2939 46.9955
43.6482 -32.0179
40.2234 -96.4367
33.6683 83.1692
35.4503 -20.6800
18.1555 -95.5057
90.6662 48.0740
71.7161 -35.5498
-94.3126 55.7901
-76.5042 -7.1361
40.4890 -65.3600
70.5557 -87.3232
-46.6765 -52.1412
40.0598 -53.8453
28.6112 53.4827
47.8962 -52.9378
-22.0195 11.7487
3.1289 -13.1385
-12.5941 -27.7668
77.0894 -43.1934
13.8205 -48.0885
-25.9406 -7.8339
4.8258 -55.7846
-79.6324 -23.7086
-91.4321 60.0736
81.6967 -16.5457
50.0643 -13.8570
20.0815 -22.9270
-10.6596 96.8781
2.4933 19.7812
21.8805 86.4537
-55.5770 63.1608
-48.3474 34.7230
-98.2809 34.6023
-12.8170 -74.7449
24.5568 36.0772
-84.1638 -85.5176
62.5019 22.5652
-49.3691 -77.0642
-54.3785 -42.2018
4.0680 77.3202
-92.2751 34.3806
-50.9537 -7.3841
-35.4948 47.7696
-79.9712 56.0820
-9.3822 45.7419
-92.9317 -87.9858
-27.9838 54.3634
-73.3322 -3.1350
-2.7003 -78.9919
89.5430 -24.9554
-21.7407 36.9993
91.0703 93.3136
-22.2029 -46.5199
-7.4988 79.0175
-30.9967 29.4453
-38.4858 -8.6571
-79.8772 -68.0410
95.3214 -0.7656
-87.8941 -87.1124
-68.6490 -17.9429
42.1641 -25.9792
55.2095 -79.0847
35.5405 -30.7161
-62.8057 -8.0625
-16.1956 17.4040
-2.2648 -80.3691
44.4872 -88.3669
13.8975 -73.5851
-87.0009 97.2763
95.4017 14.0206
-60.5768 -40.5583
-76.9853 39.9724
3.3526 60.1288
27.5356 -8.0417
3.5873 46.2620
28.5774 96.7887
58.1404 -32.3204
-2.1259 58.9096
-49.6767 -0.5093
-69.5804 -53.9244
-38.8964 -8.7263
77.5781 62.0964
38.3686 27.4138
-40.7342 33.3100
-46.6660 19.6492
57.8307 36.1645
-58.0510 -96.5116
63.0324 87.2779
98.6719 26.8161
-48.3769 69.3307
-98.6929 87.3872
53.7568 68.2153
-2.2675 21.7457
-44.0020 -1.6424
43.7858 -67.9761
-16.9938 98.8496
-43.1167 -86.7742
-18.9370 -92.5907
0.7495 26.5209
92.2107 7.2035
-33.7325 -47.6177
13.5088 -43.5927
38.0742 -14.5484
-78.7025 54.4240
-71.8932 46.5323
-11.8237 19.7014
83.4179 -19.7620
95.4399 4.6772
66.6540 3.7994
44.0460 59.6174
-52.3135 -18.5342
18.4177 -64.4653
27.0740 96.3316
60.7530 69.0323
65.6321 -42.4171
-46.9025 36.6866
-49.7355 -96.4439
-42.6366 77.5648
-82.8498 58.3067
84.7510 -7.0514
-43.1484 -34.5066
74.3293 -59.2135
75.7414 52.6061
85.7389 -19.8612
2.8811 -37.6711
44.7922 6.7192
-30.8065 -76.0654
5.8464 71.5163
-97.4458 97.8990
20.0728 -67.6113
-29.6002 93.8201
29.1004 62.8200
11.3166 -66.7458
-79.0095 -59.7749
98.0453 -31.3058
-69.8980 20.5051
36.8892 -26.9881
-86.5351 -39.5182
-51.0963 30.2459
-6.8529 -68.9579
73.7284 21.6145
-12.7930 -36.4691
-93.2508 36.9935
-52.4751 5.9356
-25.3732 -62.6119
11.7485 27.8333
61.3827 81.8565
54.7194 -78.8314
-27.8189 37.1225
35.6666 -55.8197
-10.5998 81.4903
-89.9671 -4.2231
-75.9770 23.6184
-49.0214 -22.0434
-43.4865 58.5534
-18.4298 97.8300
76.5220 -91.3970
-49.8705 54.5285
60.6447 -71.0612
86.2753 -58.8681
-90.0228 83.3100
50.5337 -83.1960
-1.7605 -34.2707
90.5243 -58.7177
-42.0248 -93.6923
-57.6672 82.8313
-0.7851 -61.0951
-93.3388 -72.4337
-38.9040 0.0213
29.7843 -33.2919
-92.8676 43.4959
-10.8816 40.6672
-64.2574 -89.6537
-82.0882 -1.0562
-60.9942 55.3368
86.9265 -69.7623
28.4088 81.5607
-43.9315 -95.2224
-5.3239 -65.3373
-86.5486 13.3185
42.5350 36.3432
16.2072 82.6888
-27.7078 -58.0792
-55.4229 63.3480
87.3716 86.2487
45.6063 77.0416
49.9604 41.8165
19.8184 39.8408
52.2177 4.9036
-61.6004 -32.5237
99.7549 -43.9770
66.1816 -34.7954
-10.6795 -7.3049
37.6749 -6.3410
22.0040 88.0459
-93.4563 34.9167
27.1484 21.5966
93.8798 -79.4792
6.7579 55.3861
-6.3042 -55.0072
-54.5536 75.9432
19.3081 -99.8691
-27.2140 -77.3539
74.3580 26.1772
27.3757 62.2025
-54.8405 56.1945
72.3988 87.8498
63.3505 35.9261
78.5499 83.3169
-75.9658 10.8806
-74.6350 -17.2339
-38.7747 -94.8312
26.2060 4.2135
40.9423 -40.2848
26.0222 -11.6928
-97.7987 47.4144
-14.9941 12.0955
96.1892 -36.0573
-15.2177 -73.7556
95.9530 34.0542
-92.9078 -13.9234
-19.3955 88.2175
-93.2605 67.5476
59.2227 -60.4232
-56.6288 55.7717
32.5191 52.2900
-32.0909 29.2068
97.8673 52.5374
43.1699 12.0751
10.0477 48.7449
81.4103 -88.5075
-13.5267 49.2724
-63.0327 -54.3140
10.1793 35.0974
83.7810 17.1047
-76.8934 98.4718
-49.8124 -81.6812
53.5448 19.6283
9.0365 -1.3075
-49.9261 31.7017
-62.3626 22.2269
-96.1305 -59.1976
-6.1264 19.1693
-14.5876 -77.5079
78.9400 -29.3221
-53.5891 42.5548
-96.5150 -40.8791
-64.1520 71.5865
-90.1043 -12.7173
69.9344 -11.9134
-29.5965 -68.2840
-83.2496 -53.8852
-94.2090 -88.9601
84.5400 39.2686
-12.2332 61.7912
-82.6066 13.3092
-41.5316 -22.0914
7.2501 -96.5922
-4.9558 -96.5555
-86.2733 98.5664
41.1396 -53.4432
-85.7254 -12.9503
-58.2303 5.2105
-69.2806 -25.3389
-92.1561 -97.8278
-98.9368 -71.1358
43.6880 9.8630
34.6744 6.4027
-94.2646 -32.1794
-44.3912 -80.9901
65.9601 -50.2931
-92.1342 -90.1484
-14.9597 -62.6655
14.7930 -59.2240
63.4838 92.8175
81.3749 -45.1560
-51.1011 84.2315
-20.5165 55.2857
2.2611 -39.6197
-67.1265 39.9016
41.3578 20.5381
91.8218 49.4412
-96.8498 95.2148
-13.1606 -71.0053
-21.7561 -81.7020
28.3009 -39.2115
-58.4615 -28.9882
79.7548 23.7690
40.8435 -4.0668
40.0397 -19.4462
-64.3014 83.5081
17.4003 -47.8464
46.7664 74.5660
-45.0556 45.3537
-85.9972 -54.9397
-78.6934 -40.1048
-77.7731 -99.8122
-75.5119 -31.3479
68.4922 10.8442
97.0956 23.4876
43.0607 -6.3986
34.6210 -16.7147
-21.4909 38.8679
98.5035 33.6908
34.8287 -83.8275
-1.8540 -16.9004
22.9474 21.6229
31.1295 75.6834
-96.3328 57.9689
21.8911 52.9935
69.4668 17.1570
-32.7116 75.6890
40.9604 12.8474
-19.8188 73.4170
-55.3982 73.4750
-69.4434 49.1635
-59.1573 14.0804
96.8040 -64.8586
-82.6950 -3.8816
-71.3832 -50.3446
82.0136 90.8615
-87.9706 -18.6869
74.4484 73.1839
35.3195 24.1715
-90.7784 33.2127
26.8116 98.6483
9.8820 36.9487
81.7623 9.7585
-56.1098 45.2879
-4.1157 32.0242
-48.6838 -3.4543
-32.6322 -71.7083
-73.9070 -1.9976
29.8423 -45.0756
-69.6843 71.3828
-72.6482 56.7322
21.7682 -65.5925
7.0609 28.7210
-63.1534 18.9904
4.2557 -18.2879
76.0951 17.6316
-49.5015 -79.0986
20.4619 -34.2669
5.8608 62.9098
43.9824 75.7003
-1.6469 -87.2849
-20.1404 10.2684
-73.0921 -52.0965
-70.2933 27.0847
19.6483 -33.3828
-86.0505 -85.4356
88.4377 2.1502
-60.3518 -57.9040
27.4255 -17.8837
71.9080 -58.2215
-16.1683 60.6947
39.6503 20.9694
42.3375 -75.2152
-70.4091 62.0841
-35.4094 79.0398
-76.1501 -51.4816
0.3215 -23.2065
-55.5199 -64.9464
-51.6379 35.3564
-49.2868 83.2574
9.9390 49.2053
99.3740 -28.4581
-91.1744 57.3371
59.5114 -11.1761
-19.8286 26.0824
14.5041 -21.6542
-29.4185 39.4589
31.0955 21.8134
-1.6572 11.1635
-77.4832 -53.5073
5.9053 -41.3229
-74.4906 -23.9988
10.3277 12.9175
-94.7037 -30.7487
-64.5698 60.5205
-22.2079 52.8726
-16.7116 -85.4205
56.4276 -39.8638
6.4601 -92.7938
-32.7831 -85.2982
-38.1718 35.2095
-39.0637 -98.5459
-95.1940 -71.1518
53.9131 -81.4284
3.1247 -59.1484
65.8088 29.4255
53.2053 8.3631
-30.8852 42.5351
-71.0175 17.2006
-33.8686 -92.1255
38.5832 -92.8833
-63.7996 99.7347
-87.3805 -50.5681
-25.9899 48.2885
-70.0921 -87.2217
-8.6839 -92.1850
-33.4056 -60.6171
90.0621 -70.8624
-51.9220 60.9647
-4.3504 -69.2374
-62.9736 64.0146
0.6720 -93.2093
24.5040 -52.2521
89.6136 -88.9135
49.6504 89.9837
-39.3720 -66.2948
-52.9033 60.5139
-48.1685 -85.0745
-7.9087 -4.3151
-21.4351 54.3095
48.8273 -34.2362
-71.7867 -64.7013
-25.3943 -63.0522
-13.2225 -67.1286
34.7246 -59.1544
32.9249 -49.5108
-54.9697 63.9868
39.1234 -3.0780
17.3096 -51.3741
-15.0803 -70.4822
-97.7440 74.6793
-78.4079 92.2236
98.6682 48.2254
-30.9106 -16.4904
47.3152 70.1761
-59.0782 -22.3495
-11.7562 -58.2528
26.4161 70.4883
30.1110 8.7031
52.9320 -85.6319
69.9538 -56.5688
-69.9496 52.1977
-54.0450 -0.3497
-18.1192 90.1974
-67.6554 -40.3001
-63.2178 50.1599
-42.5358 -97.2876
49.4387 72.0749
89.4862 84.6611
83.4345 40.9734
69.4215 -65.1973
95.6977 -94.5069
57.1854 96.9790
-82.9746 -88.0869
-22.5315 10.3599
-58.4532 -21.1843
-24.3612 25.7593
43.0411 47.8233
-88.6029 -30.6050
-89.2894 43.1178
-98.6669 -60.2199
95.8077 -36.3917
44.6559 -38.4372
74.2549 -78.3024
18.3993 -16.7611
-2.8613 -42.9872
-4.1784 -51.4178
60.9671 20.4368
50.1909 -23.9364
-45.6667 60.8566
-1.8422 8.3362
87.0936 -78.9342
-32.5212 44.8948
-75.6472 71.2352
57.1282 -29.9144
64.9365 20.9750
98.0555 -6.9310
29.2652 -53.9348
76.1103 -86.0213
-91.0228 47.5991
98.9703 -19.6634
52.3630 -31.6925
-55.4146 -89.1127
-37.9703 56.5185
29.6658 68.1775
31.5363 94.7056
-43.8654 -18.1294
-98.1990 40.1428
-88.2792 89.0006
52.6412 -92.2281
-38.1548 -80.5527
39.6354 -60.3420
-65.8493 60.7628
-30.3969 76.8629
-34.6599 31.9461
-27.7113 35.6995
45.8787 -43.1509
-57.2831 -83.7479
-79.5687 -15.3960
-52.3124 -84.4806
16.8083 -21.9117
-77.2033 -51.1040
26.4500 4.3940
-39.1645 28.2074
63.7624 42.2241
12.6670 77.5177
-44.4913 98.9465
-67.3206 -15.3968
-94.9753 -58.9487
-79.2678 56.9069
-79.0646 -76.2098
22.2590 69.4717
-15.0295 -49.1489
98.7087 -70.5141
38.9020 48.0350
-94.2853 -56.0085
-69.0383 -53.4018
11.7177 -32.7916
39.9085 64.8717
51.1406 53.4134
86.5615 -35.4891
91.5209 -8.0991
52.5986 -48.2778
44.1514 -77.4102
-23.9140 98.3961
1.4476 13.9041
-50.9832 79.6056
-5.1508 58.6136
58.0962 66.4022
-9.5910 -18.9419
-68.6981 -59.4396
-9.9489 89.5869
69.0788 -14.8770
-45.0973 -97.7836
84.2595 -80.4003
50.3370 -30.7293
-68.2964 78.1255
-60.8859 -13.6462
86.9373 33.9165
60.4292 98.5516
-29.9693 10.6158
-83.9928 -81.8592
27.1853 75.3170
6.4815 33.1119
-70.5802 43.1802
-39.2958 36.3587
32.8239 69.3176
88.6260 -36.6273
-46.5866 72.7883
-21.6217 71.0304
5.0322 -8.2591
13.5816 -81.6221
33.4703 11.3854
-64.8910 -14.7965
-92.4561 -7.7220
99.8666 80.1139
27.6820 -63.1967
-33.1151 -72.1060
8.3733 -81.0484
-97.4819 87.9060
28.6726 94.0064
-68.1598 35.4858
13.5442 2.7050
-99.9271 38.8213
51.6313 58.1843
-84.0201 27.3561
24.9911 -18.9079
-72.1746 -76.4873
-34.1492 -64.1863
86.9974 72.1540
-87.8158 82.9603
-45.2821 5.8746
-13.9660 98.9935
52.5796 -8.3423
75.6943 -93.1110
52.3512 2.6273
-21.9264 -44.9882
-98.6954 -89.1807
-9.0645 52.5279
-77.0633 99.9831
49.8387 -95.4214
-52.0030 74.1664
-27.7426 -26.9124
-55.5201 39.3911
-20.0462 95.3808
84.7203 1.0665
40.1726 33.0357
98.5045 2.3899
32.1254 59.7518
-57.9474 56.4637
-31.9633 -42.9245
-5.5506 78.5674
3.6550 -9.6736
-10.1087 59.5520
-21.9032 -18.1919
-37.0637 -24.0278
-15.4344 88.6073
-16.7110 52.9379
78.8934 4.7227
-92.7728 77.9363
76.0172 -90.3852
74.7615 23.9758
70.2024 24.4528
41.4478 -29.9862
67.4328 33.3756
-10.8631 -82.1702
-28.0391 97.1031
-28.3061 -19.1298
13.7592 38.2827
0.8047 40.1850
94.1907 -73.4103
73.1463 80.4327
-63.8325 -63.0696
-45.0538 -30.5862
21.0349 -49.3365
5.2850 13.0981
97.6769 -98.5663
64.5751 93.4792
2.0308 -71.9630
-25.8960 -81.8718
-70.8770 -30.4539
-15.9698 81.2771
6.0189 44.2840
59.5417 -85.2288
47.8541 -77.9638
34.4859 -79.8686
28.3856 -74.9809
4.7614 -53.4630
-90.5958 10.2524
-49.8259 25.6649
48.9439 12.4091
39.1699 49.7598
-87.4262 64.5527
84.4929 -96.4434
-2.9587 11.2816
51.4554 -43.9096
-65.6658 -61.1827
93.2030 76.2733
-57.0565 -27.9252
89.2071 22.3865
-16.6132 -43.1335
74.9670 -53.9660
96.5490 63.0436
-89.4104 -52.9015
-58.9694 0.4834
-33.6143 70.5911
20.1272 -8.9812
44.7850 -7.9002
37.5609 19.5777
1.1788 99.3307
-60.3165 -15.0870
-22.7622 -20.3891
56.8767 83.5888
92.8722 -58.3397
2.4264 70.2950
-83.4981 75.3015
75.9583 88.3145
59.6960 -49.5778
-73.6975 50.8103
-71.7995 -89.3537
-12.4647 29.4303
-32.2238 -69.3862
79.5523 53.2508
13.8620 -88.5931
13.9561 -45.7151
-41.5541 -84.0783
-94.2178 37.7062
0.1923 -99.8002
3.1048 9.8966
-47.6882 -90.1900
78.9791 19.9496
92.0967 -11.7416
84.7877 -59.7369
1.7945 55.5708
95.1152 14.5679
15.5971 -7.7473
82.5036 -65.1019
21.5621 -84.1219
15.5965 78.0409
71.6934 10.7868
-79.3869 29.4710
32.4317 52.5701
1.3426 -2.3177
69.2356 59.7216
-23.8944 -63.2946
-22.9892 -39.4197
-51.4291 67.8764
-59.8605 96.9595
-64.5439 -31.2894
-15.7901 79.2816
40.2350 -69.9136
-50.3589 -77.9520
-0.3788 24.3187
-95.8363 70.8409
-18.0589 32.2526
38.4407 48.3757
-15.5927 -18.6751
-11.2082 73.6204
-48.4027 -79.8156
-62.5493 7.4801
29.9619 16.6460
-75.3187 36.9024
56.5635 60.0862
20.4470 45.4172
49.8987 -26.3513
-53.8789 50.2117
94.4247 -17.9808
77.8939 -81.5493
-78.2597 -54.2379
-47.7137 80.2482
33.3544 29.0280
-58.2853 -75.2280
-0.2948 -95.4857
60.4605 83.0889
-58.6589 -77.4886
-65.1068 -3.8703
5.0299 74.8315
73.0422 -10.6462
-78.7938 12.3640
-62.2947 69.5740
-91.8707 43.8427
10.5619 94.7198
-31.4452 -56.1697
-40.7266 61.7154
0.0841 42.4209
-95.6385 88.5094
-69.3927 9.9963
-24.1230 27.1668
1.4247 35.2450
-84.2342 70.8797
92.3061 -56.1170
-66.8108 -17.1007
-73.2043 65.5876
69.2288 51.4031
-2.6832 -4.6338
18.1014 6.3230
-37.9317 94.2456
40.5437 -87.6334
69.7117 6.7221
99.9896 -25.1648
-14.0352 -89.1082
6.7451 -58.3089
45.6648 -32.4482
-16.7244 93.8249
95.8527 87.8202
-77.1424 69.1936
-48.2242 98.2409
-47.0067 -28.9985
-10.0843 -89.2063
89.9671 59.2129
-44.5091 -4.1244
-0.0213 90.1362
-39.5987 8.6046
-84.4964 -61.2440
-11.3204 56.8520
-71.9541 16.0915
-47.7876 -79.1164
-66.3798 72.0639
-69.3483 6.4359
-58.0636 -85.7030
90.4797 18.3146
-89.5178 -65.3829
91.3275 72.5877
96.2937 -52.9343
-40.6234 -22.1820
-9.6669 -66.1160
-27.4851 32.7373
5.6723 -99.5845
84.9971 -64.7693
91.0978 38.6595
-85.8113 -74.3533
90.4947 91.2334
24.3196 12.2614
-29.7674 -24.6212
-38.9017 14.0792
5.5130 60.6688
-96.6836 15.9196
73.1058 52.1794
-12.4968 69.3681
-33.6468 26.8783
-4.7461 -13.2681
-56.7202 41.8072
-59.9893 -37.8001
12.3193 38.4312
-86.2987 53.0416
99.4582 -99.5396
55.0054 -32.6159
-8.9360 22.5057
73.8591 -85.4307
41.6209 7.3629
-35.3544 52.9573
2.0662 -53.9547
-25.9407 -20.6261
55.4555 53.6192
-43.5459 -82.1429
33.2813 -6.0793
-31.8372 -88.7509
-45.0412 -56.3154
36.5455 -13.2692
-58.2684 -46.1340
99.0390 53.9521
-21.8471 31.7534
82.8382 -99.3726
73.6829 -68.6125
46.6392 -61.8482
-77.6215 91.3650
6.8327 -57.2429
-67.6216 99.3056
45.1235 74.6965
49.0389 20.8451
61.5391 -26.6331
-10.9022 94.3159
-14.5502 79.3914
16.3990 -77.5578
-41.9037 85.2410
-55.6407 72.2940
98.7850 90.2885
-86.3168 -63.4806
-10.5215 71.3397
-8.8316 56.9015
-15.7176 84.7793
12.9405 6.4254
-18.1765 -23.2391
63.1473 -5.3347
-31.0587 -96.5317
69.1890 4.1763
-17.0418 -57.9262
-98.6351 99.1478
45.4405 41.0722
59.2998 32.4722
-88.5659 99.9957
-65.0323 -85.0248
-61.9846 -45.6415
-56.5050 21.3091
-37.1751 -41.3309
-41.3486 39.4493
19.2869 26.6055
17.1078 9.3443
-75.6736 11.6008
-61.5119 72.1288
2.3122 -91.6476
84.2890 -32.8805
-38.4566 60.6923
-53.9878 12.5199
-48.5197 -90.5486
19.0415 -0.6824
62.4435 -65.7455
76.5059 72.5960
86.6582 79.5853
-55.9554 89.0443
11.1324 -98.3292
62.5816 -58.7647
-62.0051 54.1193
-66.3965 -44.3132
19.3787 -51.4574
-24.8710 71.9045
-98.8258 -86.6069
53.6682 89.1592
35.5960 -62.0871
-76.1739 -93.2097
16.0630 29.8833
97.8904 -65.1194
73.3776 -99.7816
44.9595 -15.9050
22.6191 -81.8729
31.3187 -69.4261
-11.9133 -96.5356
-72.5552 -96.3947
-93.8193 48.6132
55.8815 -75.6551
24.3730 32.7379
99.6260 -76.4665
54.8596 -70.0554
72.3079 64.7045
-36.9561 -4.5435
-8.5733 99.3126
-83.3075 -2.4964
45.1567 67.1874
49.0914 -14.4229
-68.5032 76.5737
-12.6206 42.9569
-37.6422 -69.6751
-69.3459 74.1685
-51.6495 -81.6776
41.2491 73.1897
-22.3705 -2.4767
67.2260 94.1610
-27.4015 -5.6633
-96.2607 63.3103
-10.0075 70.3781
98.1393 -79.3341
37.5660 -20.4205
86.2368 66.0920
-94.8845 30.2634
88.6268 -50.0871
-8.1353 -64.3017
-51.6480 -50.0985
64.6109 81.0385
93.9567 -57.4975
12.3325 77.5307
-79.0423 -8.7959
68.7642 -56.2147
95.5025 65.7725
47.3476 25.2747
-12.6667 91.5870
-1.8915 -35.0212
71.0584 -32.4444
82.0695 29.0298
29.7951 -1.3393
35.4268 62.6215
75.5677 12.8726
1.1557 -31.9877
-13.5398 5.2155
11.1640 -18.7717
13.6824 -11.2676
53.9062 -9.7861
-82.0513 -94.7348
49.0470 -98.7028
-96.9646 77.3276
-0.6929 51.1171
13.8802 47.9256
-10.4525 76.7597
68.7109 16.4930
59.3707 1.7821
85.3132 -91.5316
9.1601 98.1911
8.9276 -76.4380
39.5631 52.4104
73.4015 -21.3920
2.5622 1.7731
43.4888 -36.1171
62.8380 -88.7694
20.7679 -35.1201
55.2508 -82.9332
-90.4389 31.5491
-76.9545 42.8252
59.6276 95.1151
67.3507 -35.3646
-42.1898 53.4961
99.7040 95.0467
-16.1962 6.1417
-51.2714 10.6127
56.9805 27.1584
-80.5319 -61.3330
8.4927 -28.4306
19.4096 85.2922
86.2737 29.6150
29.4804 67.0868
96.8891 34.0038
-44.3881 -62.4622
-66.2544 -67.7441
0.6274 74.7777
37.0807 97.6483
-51.9340 41.1575
61.4177 -28.7744
54.6551 82.4792
43.7416 -28.9680
93.0796 -44.9926
-39.4406 20.2210
91.5447 27.8385
-72.8162 -4.0214
-39.4865 -30.2792
-76.3673 85.4077
-10.7383 49.9958
56.0212 89.2071
-63.8392 57.3871
-38.6753 10.3738
22.9857 2.2822
-76.7944 -86.8833
30.3282 64.6083
96.0614 70.7709
-2.6048 -55.3549
-36.1552 -54.1293
1.1537 -73.6553
41.3107 28.4025
-13.4495 -90.4192
41.3573 84.7952
51.3231 -82.4813
-84.4473 -72.4565
41.2212 78.3584
-69.6126 -50.4088
14.7972 -18.7944
-45.5707 -55.1461
65.7479 -58.4362
-85.1244 44.7636
28.8538 -88.9113
-18.1250 13.6336
-60.2451 -85.6328
94.4322 52.2708
34.7571 65.4938
-71.6698 45.3418
-19.9632 53.6393
-24.2793 -79.2850
82.4009 43.6010
-46.7762 47.4398
-11.6457 37.5080
22.0519 80.7021
55.2444 35.3775
22.3957 -9.0743
-47.7704 64.6137
-52.6190 -97.4125
84.7516 -48.0735
-31.9729 89.3927
28.5416 21.7785
89.8899 -65.5034
62.7843 12.3806
-75.0325 -59.1272
26.6618 5.7902
-84.6326 -8.1860
-61.2952 3.6043
60.9972 79.7348
-85.0605 50.3244
-1.3045 88.6274
35.5091 5.1063
-76.9402 -83.8065
-95.3986 -72.0892
-86.6494 -63.4445
16.7788 29.3063
34.7257 78.7090
-54.5252 -3.1404
80.5736 2.1067
-29.5620 -93.2375
82.3775 -94.2783
28.2657 -15.4572
51.7420 71.9789
26.0285 85.7318
-8.8476 90.5323
-22.6459 -15.0436
19.6610 65.4088
8.7409 51.8379
6.2454 9.8286
78.4537 81.8342
-26.7583 77.0987
-24.8527 73.8048
23.8749 31.9808
94.1014 75.3641
72.8162 38.7834
23.9283 25.0752
-22.8476 -37.1432
-36.9801 78.7980
-20.4802 -93.6863
29.3774 -45.1280
51.2988 61.7585
51.1247 89.3546
-9.9584 91.2434
43.7769 90.9943
25.4800 -59.1265
81.0125 42.7985
0.5309 -31.6480
25.2502 -10.9300
41.4196 85.0277
85.6611 -2.8119
71.4038 22.2283
-96.3852 9.8379
-87.7757 -99.9136
40.6768 73.8864
-1.9491 -44.3630
-59.2224 -16.4401
2.4914 87.7963
-76.5149 -63.1898
-65.6334 -35.8945
-58.0188 3.0980
-79.0376 24.9445
-67.7564 -11.1887
-47.9861 -23.5169
94.3485 -46.9055
64.6795 72.8475
-0.4984 -91.8235
89.5113 -17.1353
98.8807 -39.6663
14.6213 7.6627
-47.4284 -65.4539
-16.1804 -7.9604
62.7588 72.7928
-55.0152 41.7795
-0.6381 17.9731
-2.8227 -13.9335
42.3813 -46.9732
-40.9138 26.8217
16.0188 -96.5253
15.9442 -73.5306
89.1219 73.6204
-49.3227 -50.9969
-46.6594 50.5346
-88.1847 -20.1218
-79.3287 -52.0291
26.0974 -26.7226
26.1600 -81.5210
-12.7480 -18.0342
40.0095 31.9791
-25.6472 17.5436
52.7250 29.7809
-95.0639 -3.8617
-47.9902 -83.8006
-41.9017 20.2464
57.2052 -0.5171
42.0820 -64.2274
18.7421 -30.5811
-53.7024 -7.0518
68.0697 -97.7919
-26.5470 -62.4224
51.0165 -7.9677
-72.5573 -43.5826
78.1497 69.4908
-10.6164 -55.2510
-82.9954 -17.7039
72.7867 33.9129
-87.4507 62.7958
-64.2734 87.7533
-29.0555 48.4801
-51.1263 -86.6107
-46.8860 -98.8812
-46.5452 -68.3767
9.3344 -71.3499
-45.8676 12.9355
0.1309 -31.0030
16.5918 55.3899
-61.7016 48.9140
-45.3866 99.0885
-51.6183 72.9542
49.7487 64.0140
66.5097 -66.2406
64.7724 79.5871
25.8913 34.0997
43.4324 1.7574
-74.3710 79.5203
10.5127 -22.2785
99.1774 -61.0121
-58.4649 -37.6171
64.8705 46.9295
31.8657 67.4081
14.2772 40.9053
-96.2876 -46.7515
-59.1660 21.7221
94.5252 -93.4243
40.5628 94.5162
-50.3575 -30.7623
2.8364 74.7839
-9.6380 -27.9129
-45.3381 -13.0520
42.8381 31.5134
97.8941 69.5502
20.8698 67.4604
98.5387 42.4013
-72.0585 -96.6185
99.2885 -73.3365
-0.0095 49.7386
-21.5109 -7.7405
44.2960 43.1651
77.8005 -21.3520
-47.9480 -82.3781
-45.8119 -69.2911
21.3270 72.9754
2.4113 -77.9557
-69.1304 -17.6024
72.3776 79.6929
30.7511 -92.0484
79.5293 34.4419
-84.0907 -20.0008
-83.0095 1.1980
49.5972 -42.0175
36.0646 -27.4712
-35.9547 -99.5369
7.2727 -87.7814
49.7784 -57.1959
56.2650 2.4195
11.5566 -99.2514
-82.2016 -55.3686
92.1795 -43.4545
80.8148 1.7003
-84.8491 -50.1628
-21.7386 -81.2659
-45.1435 82.5138
49.9075 -39.3700
-1.9771 -25.3091
-50.7298 -38.3160
-58.5342 70.3090
4.3612 52.6775
-5.4164 62.7979
81.2949 -41.2505
-46.9126 -21.6408
62.3571 7.8579
-4.6504 -14.4269
-63.3287 -91.0065
-70.0873 -40.4568
-39.9678 8.3298
59.0103 4.7866
-10.4221 -26.5037
-70.8816 45.3825
-65.5549 -71.9702
0.8264 -29.3080
-36.1141 -23.8159
23.3296 -60.3151
-48.6130 21.1994
47.3576 90.6493
24.7057 -40.1753
76.8578 -17.8251
-87.8547 -91.5426
-59.8453 73.6051
71.8702 58.7670
73.9297 -46.5443
65.6480 -0.0217
46.3046 58.2641
2.3708 1.7937
68.9840 4.7834
53.4375 -16.1585
-38.5994 -75.8236
-9.0392 -79.7728
-52.8793 -16.5106
54.4854 0.3138
69.4139 81.8775
-83.3094 77.1095
-66.4400 38.1102
13.3211 -73.3397
22.9586 -69.9345
25.9372 -35.5744
40.4843 -18.2373
65.4752 77.0920
-91.4627 71.3090
-72.6872 76.8609
-86.7869 36.4821
38.7025 45.0654
-70.3299 10.5813
28.7010 89.8479
60.9210 -64.1526
40.2978 68.1952
-81.9536 62.0037
16.1720 12.7036
-34.9448 -86.0514
-32.4741 -75.7696
-94.3802 -96.9933
-63.1055 -41.9313
-85.4547 -38.9882
53.5494 -89.4165
8.7167 -18.3808
-86.9822 9.7723
82.7610 -53.8138
-44.5255 80.9142
-39.9414 2.2421
-31.3362 89.7479
-98.6997 10.2227
1.9706 5.1423
-94.2948 -50.2975
-76.4841 62.1111
8.8650 -87.0946
-59.2210 -71.8702
75.3430 -47.4546
2.7607 66.2458
-11.7939 -98.4289
-34.5541 -86.8276
-65.9242 25.7713
19.9244 -88.7224
10.1675 -65.5667
-78.9777 -11.5460
-23.0929 18.6368
69.1070 32.5019
-29.1558 -69.4546
-8.0495 -69.3517
-7.9779 -53.1762
-9.2540 68.5506
-72.6192 -74.2405
14.5902 -65.2924
-53.6125 30.0485
-56.0857 15.6965
76.4600 86.6729
2.2050 -25.7339
90.2194 -75.0746
13.6326 -5.4305
-27.8323 41.8318
-75.8939 -29.1529
-64.0510 -50.0632
14.3074 -41.5207
25.1841 58.8128
14.4740 86.0841
64.4066 24.0738
25.4530 51.4358
-48.7156 -91.2512
56.6491 -39.0133
73.9044 -15.9083
-7.8232 -5.5361
-86.2433 60.6931
29.5792 -28.0313
-47.2050 -15.9322
27.0240 -60.1339
-10.3101 -16.8275
-80.9588 37.8157
34.2129 -43.9982
-64.7615 -40.4883
79.1012 -36.1866
-23.9062 92.5642
-26.1652 45.5629
-37.1562 -65.6184
-19.3835 -31.9672
15.6211 7.1543
25.4591 -32.1013
56.4064 74.6272
4.6210 92.5369
-50.5644 -21.6852
-33.5599 48.0769
-5.3646 -14.5747
-33.8569 -59.8894
8.9409 -60.6537
48.7414 -91.3605
-71.5747 31.5774
-16.9292 -0.8325
-40.4256 42.6910
68.8897 51.2511
45.8607 -55.3187
65.3007 67.8180
-67.2744 38.5832
76.7742 41.0915
-13.6729 21.1393
-15.7654 -26.4258
18.4572 38.0480
64.3369 0.2631
19.7824 -93.5670
45.5124 -16.2126
-80.8669 53.1913
20.5938 51.0599
-89.5951 -39.7502
42.7430 -81.4645
-13.1657 -75.7089
-42.4541 39.1398
-60.5081 77.1330
-55.3091 -21.9480
-82.3270 -53.4349
-47.4556 29.4302
-14.1405 -40.3828
31.6898 -90.7771
-34.9199 -6.1983
87.8291 36.1815
18.3562 62.0775
33.1421 -3.3972
-25.4387 0.5486
-33.8784 -95.5340
-71.8647 94.9465
36.4258 64.1066
59.0016 -68.3463
89.5993 -27.9298
92.9230 27.4085
78.8560 -53.8818
15.1573 51.6806
-80.6287 -17.8596
-98.5907 29.0846
-55.9583 39.4246
-38.9116 4.2651
-41.9759 -92.3623
4.1144 20.0420
27.3223 68.1091
-52.1646 36.9933
2.4798 23.8877
-70.2937 -94.1922
-99.0459 -19.0538
-69.4283 2.7560
-72.4368 -78.3212
76.0917 -81.6665
-69.6732 29.8499
-28.9073 -46.8871
-90.4128 17.5272
-92.8688 -49.2234
-61.6999 -0.2561
-12.6714 -38.2364
82.1514 -29.9492
72.4589 -50.7153
-71.3914 -57.9399
6.3885 49.2281
-30.8052 -10.6196
40.2059 -69.3055
78.2094 91.9907
-79.0857 -60.6760
52.3786 -19.6473
93.5627 -58.8881
-82.8586 -73.0806
-44.9248 20.7991
89.3202 -42.8432
27.9541 -98.6398
84.8531 -76.7529
59.4884 -87.7927
-57.0261 78.1439
-32.2675 -37.1667
-30.2213 -0.2982
-13.0554 86.1832
-28.2497 9.1685
-47.9295 -46.6400
15.8578 -20.8064
-99.8660 67.4094
-4.6351 -77.3315
35.8078 -0.8113
37.5640 30.6664
38.9568 -58.7574
-88.8437 15.7008
13.7799 58.8664
30.2112 59.4595
-94.3548 -68.5098
-48.4090 -73.4449
-50.1101 -22.8603
-65.7824 -98.4454
-57.8154 -84.6897
-79.5225 -22.4655
39.0677 23.2018
-27.2436 -37.1509
-32.3221 -72.2658
-21.7514 54.5293
-34.8461 -5.0716
32.6529 -33.5218
-38.3464 -2.5174
-64.7179 -60.2600
-49.0170 78.1509
68.2495 52.7460
58.5270 44.9337
-99.8580 -46.1324
-53.9001 8.5844
-7.1001 -29.5858
-32.2696 26.6415
74.4247 19.6381
34.0206 0.4299
60.3366 -26.1200
7.5109 16.0331
31.9935 -65.4836
67.2082 28.6352
-85.0434 -43.2811
-47.9736 -27.0714
-96.5519 -55.2382
